{"asset":{"version":"2.0","generator":"THREE.GLTFExporter"},"scenes":[{"name":"AuxScene","nodes":[311]}],"scene":0,"nodes":[{"matrix":[1,0,0,0,0,1,0,0,0,0,1,0,0,5,0,1],"mesh":0},{"matrix":[1,0,0,0,0,1,0,0,0,0,1,0,0,1.5,0,1],"mesh":1},{"matrix":[1,0,0,0,0,1,0,0,0,0,1,0,0,19,0,1],"mesh":2},{"matrix":[1,0,0,0,0,1,0,0,0,0,1,0,0,10.5,-70,1],"mesh":3},{"matrix":[1,0,0,0,0,1,0,0,0,0,1,0,-70,10.5,0,1],"mesh":4},{"matrix":[1,0,0,0,0,1,0,0,0,0,1,0,0,10.5,-56,1],"mesh":5},{"matrix":[1,0,0,0,0,1,0,0,0,0,1,0,-56,10.5,0,1],"mesh":6},{"matrix":[1,0,0,0,0,1,0,0,0,0,1,0,0,10.5,-42,1],"mesh":7},{"matrix":[1,0,0,0,0,1,0,0,0,0,1,0,-42,10.5,0,1],"mesh":8},{"matrix":[1,0,0,0,0,1,0,0,0,0,1,0,0,10.5,-28,1],"mesh":9},{"matrix":[1,0,0,0,0,1,0,0,0,0,1,0,-28,10.5,0,1],"mesh":10},{"matrix":[1,0,0,0,0,1,0,0,0,0,1,0,0,10.5,-14,1],"mesh":11},{"matrix":[1,0,0,0,0,1,0,0,0,0,1,0,-14,10.5,0,1],"mesh":12},{"matrix":[1,0,0,0,0,1,0,0,0,0,1,0,0,10.5,0,1],"mesh":13},{"matrix":[1,0,0,0,0,1,0,0,0,0,1,0,0,10.5,0,1],"mesh":14},{"matrix":[1,0,0,0,0,1,0,0,0,0,1,0,0,10.5,14,1],"mesh":15},{"matrix":[1,0,0,0,0,1,0,0,0,0,1,0,14,10.5,0,1],"mesh":16},{"matrix":[1,0,0,0,0,1,0,0,0,0,1,0,0,10.5,28,1],"mesh":17},{"matrix":[1,0,0,0,0,1,0,0,0,0,1,0,28,10.5,0,1],"mesh":18},{"matrix":[1,0,0,0,0,1,0,0,0,0,1,0,0,10.5,42,1],"mesh":19},{"matrix":[1,0,0,0,0,1,0,0,0,0,1,0,42,10.5,0,1],"mesh":20},{"matrix":[1,0,0,0,0,1,0,0,0,0,1,0,0,10.5,56,1],"mesh":21},{"matrix":[1,0,0,0,0,1,0,0,0,0,1,0,56,10.5,0,1],"mesh":22},{"children":[0,1,2,3,4,5,6,7,8,9,10,11,12,13,14,15,16,17,18,19,20,21,22]},{"matrix":[1,0,0,0,0,1,0,0,0,0,1,0,0,11,0,1],"mesh":23},{"matrix":[1,0,0,0,0,1,0,0,0,0,1,0,0,12,0,1],"mesh":24},{"matrix":[1,0,0,0,0,0.9009688679024191,-0.4338837391175581,0,0,0.4338837391175581,0.9009688679024191,0,0,20,10,1],"mesh":25},{"matrix":[1,0,0,0,0,1,0,0,0,0,1,0,-15.283552761022197,35.181840458050246,27.762838766552125,1],"mesh":26},{"matrix":[1,0,0,0,0,1,0,0,0,0,1,0,-17.19498717017423,13.54327026586936,15.562338615241856,1],"mesh":27},{"matrix":[1,0,0,0,0,1,0,0,0,0,1,0,56.86395613493482,10.917423639939688,23.796541722777338,1],"mesh":28},{"matrix":[1,0,0,0,0,1,0,0,0,0,1,0,52.53589989751785,12.781602480554815,-16.869387407674086,1],"mesh":29},{"matrix":[1,0,0,0,0,1,0,0,0,0,1,0,14.48678763031829,30.167650949504953,29.990399024290795,1],"mesh":30},{"matrix":[1,0,0,0,0,1,0,0,0,0,1,0,27.24504885790254,13.928787665016102,-15.391956836383585,1],"mesh":31},{"matrix":[1,0,0,0,0,1,0,0,0,0,1,0,53.9282533088364,35.729406764928356,-29.157416304234502,1],"mesh":32},{"matrix":[1,0,0,0,0,1,0,0,0,0,1,0,-22.447537917696746,11.034513812291006,-23.397610880582928,1],"mesh":33},{"matrix":[1,0,0,0,0,1,0,0,0,0,1,0,18.69759109656492,27.20180927467037,-29.514170665281398,1],"mesh":34},{"matrix":[1,0,0,0,0,1,0,0,0,0,1,0,-32.03131912996077,31.14159098725355,-6.556942627290143,1],"mesh":35},{"matrix":[1,0,0,0,0,1,0,0,0,0,1,0,0,0,-140,1],"children":[24,25,26,27,28,29,30,31,32,33,34,35,36]},{"matrix":[1,0,0,0,0,1,0,0,0,0,1,0,-13,70,-13,1],"mesh":36},{"matrix":[1,0,0,0,0,1,0,0,0,0,1,0,-13,70,13,1],"mesh":37},{"matrix":[1,0,0,0,0,1,0,0,0,0,1,0,13,70,-13,1],"mesh":38},{"matrix":[1,0,0,0,0,1,0,0,0,0,1,0,13,70,13,1],"mesh":39},{"matrix":[1,0,0,0,0,1,0,0,0,0,1,0,0,10,0,1],"mesh":40},{"matrix":[1,0,0,0,0,0.7071067811865475,0.7071067811865476,0,0,-0.7071067811865476,0.7071067811865475,0,0,14.8,0,1],"mesh":41},{"matrix":[1,0,0,0,0,0.7071067811865475,-0.7071067811865476,0,0,0.7071067811865476,0.7071067811865475,0,0,14.8,0,1],"mesh":42},{"matrix":[1,0,0,0,0,1,0,0,0,0,1,0,0,19.5,0,1],"mesh":43},{"matrix":[1,0,0,0,0,0.7071067811865475,0.7071067811865476,0,0,-0.7071067811865476,0.7071067811865475,0,0,24.3,0,1],"mesh":44},{"matrix":[1,0,0,0,0,0.7071067811865475,-0.7071067811865476,0,0,0.7071067811865476,0.7071067811865475,0,0,24.3,0,1],"mesh":45},{"matrix":[1,0,0,0,0,1,0,0,0,0,1,0,0,29,0,1],"mesh":46},{"matrix":[1,0,0,0,0,0.7071067811865475,0.7071067811865476,0,0,-0.7071067811865476,0.7071067811865475,0,0,33.8,0,1],"mesh":47},{"matrix":[1,0,0,0,0,0.7071067811865475,-0.7071067811865476,0,0,0.7071067811865476,0.7071067811865475,0,0,33.8,0,1],"mesh":48},{"matrix":[1,0,0,0,0,1,0,0,0,0,1,0,0,38.5,0,1],"mesh":49},{"matrix":[1,0,0,0,0,0.7071067811865475,0.7071067811865476,0,0,-0.7071067811865476,0.7071067811865475,0,0,43.3,0,1],"mesh":50},{"matrix":[1,0,0,0,0,0.7071067811865475,-0.7071067811865476,0,0,0.7071067811865476,0.7071067811865475,0,0,43.3,0,1],"mesh":51},{"matrix":[1,0,0,0,0,1,0,0,0,0,1,0,0,48,0,1],"mesh":52},{"matrix":[1,0,0,0,0,0.7071067811865475,0.7071067811865476,0,0,-0.7071067811865476,0.7071067811865475,0,0,52.8,0,1],"mesh":53},{"matrix":[1,0,0,0,0,0.7071067811865475,-0.7071067811865476,0,0,0.7071067811865476,0.7071067811865475,0,0,52.8,0,1],"mesh":54},{"matrix":[1,0,0,0,0,1,0,0,0,0,1,0,0,57.5,0,1],"mesh":55},{"matrix":[1,0,0,0,0,0.7071067811865475,0.7071067811865476,0,0,-0.7071067811865476,0.7071067811865475,0,0,62.3,0,1],"mesh":56},{"matrix":[1,0,0,0,0,0.7071067811865475,-0.7071067811865476,0,0,0.7071067811865476,0.7071067811865475,0,0,62.3,0,1],"mesh":57},{"matrix":[1,0,0,0,0,1,0,0,0,0,1,0,0,67,0,1],"mesh":58},{"matrix":[1,0,0,0,0,0.7071067811865475,0.7071067811865476,0,0,-0.7071067811865476,0.7071067811865475,0,0,71.8,0,1],"mesh":59},{"matrix":[1,0,0,0,0,0.7071067811865475,-0.7071067811865476,0,0,0.7071067811865476,0.7071067811865475,0,0,71.8,0,1],"mesh":60},{"matrix":[1,0,0,0,0,1,0,0,0,0,1,0,0,76.5,0,1],"mesh":61},{"matrix":[1,0,0,0,0,0.7071067811865475,0.7071067811865476,0,0,-0.7071067811865476,0.7071067811865475,0,0,81.3,0,1],"mesh":62},{"matrix":[1,0,0,0,0,0.7071067811865475,-0.7071067811865476,0,0,0.7071067811865476,0.7071067811865475,0,0,81.3,0,1],"mesh":63},{"matrix":[1,0,0,0,0,1,0,0,0,0,1,0,0,86,0,1],"mesh":64},{"matrix":[1,0,0,0,0,0.7071067811865475,0.7071067811865476,0,0,-0.7071067811865476,0.7071067811865475,0,0,90.8,0,1],"mesh":65},{"matrix":[1,0,0,0,0,0.7071067811865475,-0.7071067811865476,0,0,0.7071067811865476,0.7071067811865475,0,0,90.8,0,1],"mesh":66},{"matrix":[1,0,0,0,0,1,0,0,0,0,1,0,0,95.5,0,1],"mesh":67},{"matrix":[1,0,0,0,0,0.7071067811865475,0.7071067811865476,0,0,-0.7071067811865476,0.7071067811865475,0,0,100.3,0,1],"mesh":68},{"matrix":[1,0,0,0,0,0.7071067811865475,-0.7071067811865476,0,0,0.7071067811865476,0.7071067811865475,0,0,100.3,0,1],"mesh":69},{"matrix":[1,0,0,0,0,1,0,0,0,0,1,0,0,105,0,1],"mesh":70},{"matrix":[1,0,0,0,0,0.7071067811865475,0.7071067811865476,0,0,-0.7071067811865476,0.7071067811865475,0,0,109.8,0,1],"mesh":71},{"matrix":[1,0,0,0,0,0.7071067811865475,-0.7071067811865476,0,0,0.7071067811865476,0.7071067811865475,0,0,109.8,0,1],"mesh":72},{"matrix":[1,0,0,0,0,1,0,0,0,0,1,0,0,114.5,0,1],"mesh":73},{"matrix":[1,0,0,0,0,0.7071067811865475,0.7071067811865476,0,0,-0.7071067811865476,0.7071067811865475,0,0,119.3,0,1],"mesh":74},{"matrix":[1,0,0,0,0,0.7071067811865475,-0.7071067811865476,0,0,0.7071067811865476,0.7071067811865475,0,0,119.3,0,1],"mesh":75},{"matrix":[1,0,0,0,0,1,0,0,0,0,1,0,0,124,0,1],"mesh":76},{"matrix":[1,0,0,0,0,0.7071067811865475,0.7071067811865476,0,0,-0.7071067811865476,0.7071067811865475,0,0,128.8,0,1],"mesh":77},{"matrix":[1,0,0,0,0,0.7071067811865475,-0.7071067811865476,0,0,0.7071067811865476,0.7071067811865475,0,0,128.8,0,1],"mesh":78},{"matrix":[1,0,0,0,0,1,0,0,0,0,1,0,0,133.5,0,1],"mesh":79},{"matrix":[1,0,0,0,0,0.7071067811865475,0.7071067811865476,0,0,-0.7071067811865476,0.7071067811865475,0,0,138.3,0,1],"mesh":80},{"matrix":[1,0,0,0,0,0.7071067811865475,-0.7071067811865476,0,0,0.7071067811865476,0.7071067811865475,0,0,138.3,0,1],"mesh":81},{"matrix":[1,0,0,0,0,1,0,0,0,0,1,0,0,22,0,1],"mesh":82},{"matrix":[1,0,0,0,0,1,0,0,0,0,1,0,0,24.2,19,1],"mesh":83},{"matrix":[1,0,0,0,0,1,0,0,0,0,1,0,0,24.2,-19,1],"mesh":84},{"matrix":[1,0,0,0,0,1,0,0,0,0,1,0,19,24.2,0,1],"mesh":85},{"matrix":[1,0,0,0,0,1,0,0,0,0,1,0,-19,24.2,0,1],"mesh":86},{"matrix":[1,0,0,0,0,1,0,0,0,0,1,0,0,44,0,1],"mesh":87},{"matrix":[1,0,0,0,0,1,0,0,0,0,1,0,0,46.2,19,1],"mesh":88},{"matrix":[1,0,0,0,0,1,0,0,0,0,1,0,0,46.2,-19,1],"mesh":89},{"matrix":[1,0,0,0,0,1,0,0,0,0,1,0,19,46.2,0,1],"mesh":90},{"matrix":[1,0,0,0,0,1,0,0,0,0,1,0,-19,46.2,0,1],"mesh":91},{"matrix":[1,0,0,0,0,1,0,0,0,0,1,0,0,66,0,1],"mesh":92},{"matrix":[1,0,0,0,0,1,0,0,0,0,1,0,0,68.2,19,1],"mesh":93},{"matrix":[1,0,0,0,0,1,0,0,0,0,1,0,0,68.2,-19,1],"mesh":94},{"matrix":[1,0,0,0,0,1,0,0,0,0,1,0,19,68.2,0,1],"mesh":95},{"matrix":[1,0,0,0,0,1,0,0,0,0,1,0,-19,68.2,0,1],"mesh":96},{"matrix":[1,0,0,0,0,1,0,0,0,0,1,0,0,88,0,1],"mesh":97},{"matrix":[1,0,0,0,0,1,0,0,0,0,1,0,0,90.2,19,1],"mesh":98},{"matrix":[1,0,0,0,0,1,0,0,0,0,1,0,0,90.2,-19,1],"mesh":99},{"matrix":[1,0,0,0,0,1,0,0,0,0,1,0,19,90.2,0,1],"mesh":100},{"matrix":[1,0,0,0,0,1,0,0,0,0,1,0,-19,90.2,0,1],"mesh":101},{"matrix":[1,0,0,0,0,1,0,0,0,0,1,0,0,110,0,1],"mesh":102},{"matrix":[1,0,0,0,0,1,0,0,0,0,1,0,0,112.2,19,1],"mesh":103},{"matrix":[1,0,0,0,0,1,0,0,0,0,1,0,0,112.2,-19,1],"mesh":104},{"matrix":[1,0,0,0,0,1,0,0,0,0,1,0,19,112.2,0,1],"mesh":105},{"matrix":[1,0,0,0,0,1,0,0,0,0,1,0,-19,112.2,0,1],"mesh":106},{"matrix":[1,0,0,0,0,1,0,0,0,0,1,0,0,132,0,1],"mesh":107},{"matrix":[1,0,0,0,0,1,0,0,0,0,1,0,0,134.2,19,1],"mesh":108},{"matrix":[1,0,0,0,0,1,0,0,0,0,1,0,0,134.2,-19,1],"mesh":109},{"matrix":[1,0,0,0,0,1,0,0,0,0,1,0,19,134.2,0,1],"mesh":110},{"matrix":[1,0,0,0,0,1,0,0,0,0,1,0,-19,134.2,0,1],"mesh":111},{"matrix":[1,0,0,0,0,1,0,0,0,0,1,0,-10,70,-10,1],"mesh":112},{"matrix":[1,0,0,0,0,1,0,0,0,0,1,0,0,150,0,1],"mesh":113},{"mesh":114},{"matrix":[1,0,0,0,0,1,0,0,0,0,1,0,32,0,5,1],"mesh":115},{"matrix":[1,0,0,0,0,1,0,0,0,0,1,0,6,0,5,1],"mesh":116},{"matrix":[1,0,0,0,0,1,0,0,0,0,1,0,14,0,5,1],"mesh":117},{"matrix":[1,0,0,0,0,1,0,0,0,0,1,0,22,0,5,1],"mesh":118},{"matrix":[1,0,0,0,0,1,0,0,0,0,1,0,30,0,5,1],"mesh":119},{"matrix":[1,0,0,0,0,1,0,0,0,0,1,0,38,0,5,1],"mesh":120},{"matrix":[1,0,0,0,0,1,0,0,0,0,1,0,46,0,5,1],"mesh":121},{"matrix":[1,0,0,0,0,1,0,0,0,0,1,0,54,0,5,1],"mesh":122},{"matrix":[1,0,0,0,0,1,0,0,0,0,1,0,62,0,5,1],"mesh":123},{"matrix":[1,0,0,0,0,1,0,0,0,0,1,0,63,0,5,1],"mesh":124},{"matrix":[0.9396926207859084,0,0.34202014332566866,0,0,1,0,0,-0.34202014332566866,0,0.9396926207859084,0,-5,55,0,1],"children":[116,117,118,119,120,121,122,123,124,125,126]},{"mesh":125},{"matrix":[1,0,0,0,0,1,0,0,0,0,1,0,35,0,-6,1],"mesh":126},{"matrix":[1,0,0,0,0,1,0,0,0,0,1,0,6,0,-6,1],"mesh":127},{"matrix":[1,0,0,0,0,1,0,0,0,0,1,0,14,0,-6,1],"mesh":128},{"matrix":[1,0,0,0,0,1,0,0,0,0,1,0,22,0,-6,1],"mesh":129},{"matrix":[1,0,0,0,0,1,0,0,0,0,1,0,30,0,-6,1],"mesh":130},{"matrix":[1,0,0,0,0,1,0,0,0,0,1,0,38,0,-6,1],"mesh":131},{"matrix":[1,0,0,0,0,1,0,0,0,0,1,0,46,0,-6,1],"mesh":132},{"matrix":[1,0,0,0,0,1,0,0,0,0,1,0,54,0,-6,1],"mesh":133},{"matrix":[1,0,0,0,0,1,0,0,0,0,1,0,62,0,-6,1],"mesh":134},{"matrix":[1,0,0,0,0,1,0,0,0,0,1,0,69,0,-6,1],"mesh":135},{"matrix":[0.9396926207859084,0,0.34202014332566866,0,0,1,0,0,-0.34202014332566866,0,0.9396926207859084,0,-5,80,0,1],"children":[128,129,130,131,132,133,134,135,136,137,138]},{"mesh":136},{"matrix":[1,0,0,0,0,1,0,0,0,0,1,0,26,0,0,1],"mesh":137},{"matrix":[1,0,0,0,0,1,0,0,0,0,1,0,6,0,0,1],"mesh":138},{"matrix":[1,0,0,0,0,1,0,0,0,0,1,0,14,0,0,1],"mesh":139},{"matrix":[1,0,0,0,0,1,0,0,0,0,1,0,22,0,0,1],"mesh":140},{"matrix":[1,0,0,0,0,1,0,0,0,0,1,0,30,0,0,1],"mesh":141},{"matrix":[1,0,0,0,0,1,0,0,0,0,1,0,38,0,0,1],"mesh":142},{"matrix":[1,0,0,0,0,1,0,0,0,0,1,0,46,0,0,1],"mesh":143},{"matrix":[1,0,0,0,0,1,0,0,0,0,1,0,51,0,0,1],"mesh":144},{"matrix":[0.9396926207859084,0,0.34202014332566866,0,0,1,0,0,-0.34202014332566866,0,0.9396926207859084,0,-5,105,0,1],"children":[140,141,142,143,144,145,146,147,148]},{"matrix":[1,0,0,0,0,1,0,0,0,0,1,0,85,0,35,1],"children":[38,39,40,41,42,43,44,45,46,47,48,49,50,51,52,53,54,55,56,57,58,59,60,61,62,63,64,65,66,67,68,69,70,71,72,73,74,75,76,77,78,79,80,81,82,83,84,85,86,87,88,89,90,91,92,93,94,95,96,97,98,99,100,101,102,103,104,105,106,107,108,109,110,111,112,113,114,115,127,139,149]},{"matrix":[1,0,0,0,0,1,0,0,0,0,1,0,0,30,0,1],"mesh":145},{"matrix":[1,0,0,0,0,1,0,0,0,0,1,0,0,60,0,1],"mesh":146},{"mesh":147},{"matrix":[1,0,0,0,0,1,0,0,0,0,1,0,55,23,-10,1],"mesh":148},{"matrix":[1,0,0,0,0,1,0,0,0,0,1,0,55,46,-10,1],"mesh":149},{"matrix":[1,0,0,0,0,1,0,0,0,0,1,0,55,0,-10,1],"mesh":150},{"matrix":[1,0,0,0,0,1,0,0,0,0,1,0,18.5,6,0,1],"mesh":151},{"matrix":[1,0,0,0,0,1,0,0,0,0,1,0,18.5,10.2,0,1],"mesh":152},{"matrix":[1,0,0,0,0,1,0,0,0,0,1,0,18.5,14.4,0,1],"mesh":153},{"matrix":[1,0,0,0,0,1,0,0,0,0,1,0,18.5,18.6,0,1],"mesh":154},{"matrix":[1,0,0,0,0,1,0,0,0,0,1,0,18.5,22.8,0,1],"mesh":155},{"matrix":[1,0,0,0,0,1,0,0,0,0,1,0,18.5,27,0,1],"mesh":156},{"matrix":[1,0,0,0,0,1,0,0,0,0,1,0,18.5,31.200000000000003,0,1],"mesh":157},{"matrix":[1,0,0,0,0,1,0,0,0,0,1,0,18.5,35.400000000000006,0,1],"mesh":158},{"matrix":[1,0,0,0,0,1,0,0,0,0,1,0,18.5,39.6,0,1],"mesh":159},{"matrix":[1,0,0,0,0,1,0,0,0,0,1,0,18.5,43.800000000000004,0,1],"mesh":160},{"matrix":[1,0,0,0,0,1,0,0,0,0,1,0,18.5,48,0,1],"mesh":161},{"matrix":[1,0,0,0,0,1,0,0,0,0,1,0,18.5,52.2,0,1],"mesh":162},{"matrix":[1,0,0,0,0,1,0,0,0,0,1,0,18.5,56.400000000000006,0,1],"mesh":163},{"matrix":[1,0,0,0,0,1,0,0,0,0,1,0,18.5,60.6,0,1],"mesh":164},{"matrix":[1,0,0,0,0,1,0,0,0,0,1,0,18.5,34,0,1],"mesh":165},{"matrix":[1,0,0,0,0,1,0,0,0,0,1,0,-170,0,140,1],"children":[151,152,153,154,155,156,157,158,159,160,161,162,163,164,165,166,167,168,169,170,171]},{"matrix":[0.4377621791158093,-0.7396723671377621,0.5111252917129007,0,0.7396723671377621,-0.02689717698682781,-0.6724294246706928,0,0.5111252917129007,0.6724294246706928,0.535340643897363,0,-115,12,90,1],"mesh":166},{"matrix":[0.37831597878102974,-0.7747752388460126,0.5065573506228647,0,0.7747752388460126,-0.03443445505982301,-0.6312983427634177,0,0.5065573506228647,0.6312983427634177,0.5872495661591473,0,-102.5,15,85,1],"mesh":167},{"matrix":[0.4098360655737707,-0.7682212795973756,0.4918032786885244,0,0.7682212795973756,4.440892098500626e-16,-0.6401843996644797,0,0.4918032786885244,0.6401843996644797,0.5901639344262297,0,-50,10,25,1],"mesh":168},{"matrix":[0.4336283185840708,-0.7525766947068777,0.495575221238938,0,0.7525766947068777,2.220446049250313e-16,-0.6585046078685179,0,0.495575221238938,0.6585046078685179,0.5663716814159294,0,-20,12,17.5,1],"mesh":169},{"matrix":[0.6456688116249245,-0.7427813527082073,-0.17716559418753774,0,0.7427813527082073,0.5570860145311556,0.37139067635410367,0,-0.17716559418753774,-0.37139067635410367,0.9114172029062311,0,60,25,10,1],"mesh":170},{"matrix":[1,0,0,0,0,1,0,0,0,0,1,0,-240,4,-240,1],"mesh":171},{"matrix":[1,0,0,0,0,1,0,0,0,0,1,0,-218.1818181818182,4,-240,1],"mesh":172},{"matrix":[1,0,0,0,0,1,0,0,0,0,1,0,-196.36363636363637,4,-240,1],"mesh":173},{"matrix":[1,0,0,0,0,1,0,0,0,0,1,0,-174.54545454545456,4,-240,1],"mesh":174},{"matrix":[1,0,0,0,0,1,0,0,0,0,1,0,-152.72727272727272,4,-240,1],"mesh":175},{"matrix":[1,0,0,0,0,1,0,0,0,0,1,0,-130.9090909090909,4,-240,1],"mesh":176},{"matrix":[1,0,0,0,0,1,0,0,0,0,1,0,-109.0909090909091,4,-240,1],"mesh":177},{"matrix":[1,0,0,0,0,1,0,0,0,0,1,0,-87.27272727272728,4,-240,1],"mesh":178},{"matrix":[1,0,0,0,0,1,0,0,0,0,1,0,-65.45454545454544,4,-240,1],"mesh":179},{"matrix":[1,0,0,0,0,1,0,0,0,0,1,0,-43.636363636363626,4,-240,1],"mesh":180},{"matrix":[1,0,0,0,0,1,0,0,0,0,1,0,-21.818181818181813,4,-240,1],"mesh":181},{"matrix":[1,0,0,0,0,1,0,0,0,0,1,0,0,4,-240,1],"mesh":182},{"matrix":[1,0,0,0,0,1,0,0,0,0,1,0,21.818181818181813,4,-240,1],"mesh":183},{"matrix":[1,0,0,0,0,1,0,0,0,0,1,0,43.636363636363626,4,-240,1],"mesh":184},{"matrix":[1,0,0,0,0,1,0,0,0,0,1,0,65.45454545454544,4,-240,1],"mesh":185},{"matrix":[1,0,0,0,0,1,0,0,0,0,1,0,87.27272727272725,4,-240,1],"mesh":186},{"matrix":[1,0,0,0,0,1,0,0,0,0,1,0,109.09090909090912,4,-240,1],"mesh":187},{"matrix":[1,0,0,0,0,1,0,0,0,0,1,0,130.90909090909088,4,-240,1],"mesh":188},{"matrix":[1,0,0,0,0,1,0,0,0,0,1,0,152.72727272727275,4,-240,1],"mesh":189},{"matrix":[1,0,0,0,0,1,0,0,0,0,1,0,174.54545454545456,4,-240,1],"mesh":190},{"matrix":[1,0,0,0,0,1,0,0,0,0,1,0,196.36363636363637,4,-240,1],"mesh":191},{"matrix":[1,0,0,0,0,1,0,0,0,0,1,0,218.1818181818182,4,-240,1],"mesh":192},{"matrix":[1,0,0,0,0,1,0,0,0,0,1,0,240,4,-240,1],"mesh":193},{"matrix":[1,0,0,0,0,1,0,0,0,0,1,0,0,6.5,-240,1],"mesh":194},{"matrix":[1,0,0,0,0,1,0,0,0,0,1,0,0,3.5,-240,1],"mesh":195},{"matrix":[1,0,0,0,0,1,0,0,0,0,1,0,240,4,-240,1],"mesh":196},{"matrix":[1,0,0,0,0,1,0,0,0,0,1,0,240,4,-218.1818181818182,1],"mesh":197},{"matrix":[1,0,0,0,0,1,0,0,0,0,1,0,240,4,-196.36363636363637,1],"mesh":198},{"matrix":[1,0,0,0,0,1,0,0,0,0,1,0,240,4,-174.54545454545456,1],"mesh":199},{"matrix":[1,0,0,0,0,1,0,0,0,0,1,0,240,4,-152.72727272727272,1],"mesh":200},{"matrix":[1,0,0,0,0,1,0,0,0,0,1,0,240,4,-130.9090909090909,1],"mesh":201},{"matrix":[1,0,0,0,0,1,0,0,0,0,1,0,240,4,-109.0909090909091,1],"mesh":202},{"matrix":[1,0,0,0,0,1,0,0,0,0,1,0,240,4,-87.27272727272728,1],"mesh":203},{"matrix":[1,0,0,0,0,1,0,0,0,0,1,0,240,4,-65.45454545454544,1],"mesh":204},{"matrix":[1,0,0,0,0,1,0,0,0,0,1,0,240,4,-43.636363636363626,1],"mesh":205},{"matrix":[1,0,0,0,0,1,0,0,0,0,1,0,240,4,-21.818181818181813,1],"mesh":206},{"matrix":[1,0,0,0,0,1,0,0,0,0,1,0,240,4,0,1],"mesh":207},{"matrix":[1,0,0,0,0,1,0,0,0,0,1,0,240,4,21.818181818181813,1],"mesh":208},{"matrix":[1,0,0,0,0,1,0,0,0,0,1,0,240,4,43.636363636363626,1],"mesh":209},{"matrix":[1,0,0,0,0,1,0,0,0,0,1,0,240,4,65.45454545454544,1],"mesh":210},{"matrix":[1,0,0,0,0,1,0,0,0,0,1,0,240,4,87.27272727272725,1],"mesh":211},{"matrix":[1,0,0,0,0,1,0,0,0,0,1,0,240,4,109.09090909090912,1],"mesh":212},{"matrix":[1,0,0,0,0,1,0,0,0,0,1,0,240,4,130.90909090909088,1],"mesh":213},{"matrix":[1,0,0,0,0,1,0,0,0,0,1,0,240,4,152.72727272727275,1],"mesh":214},{"matrix":[1,0,0,0,0,1,0,0,0,0,1,0,240,4,174.54545454545456,1],"mesh":215},{"matrix":[1,0,0,0,0,1,0,0,0,0,1,0,240,4,196.36363636363637,1],"mesh":216},{"matrix":[1,0,0,0,0,1,0,0,0,0,1,0,240,4,218.1818181818182,1],"mesh":217},{"matrix":[1,0,0,0,0,1,0,0,0,0,1,0,240,4,240,1],"mesh":218},{"matrix":[2.220446049250313e-16,0,1,0,0,1,0,0,-1,0,2.220446049250313e-16,0,240,6.5,0,1],"mesh":219},{"matrix":[2.220446049250313e-16,0,1,0,0,1,0,0,-1,0,2.220446049250313e-16,0,240,3.5,0,1],"mesh":220},{"matrix":[1,0,0,0,0,1,0,0,0,0,1,0,240,4,240,1],"mesh":221},{"matrix":[1,0,0,0,0,1,0,0,0,0,1,0,218.1818181818182,4,240,1],"mesh":222},{"matrix":[1,0,0,0,0,1,0,0,0,0,1,0,196.36363636363637,4,240,1],"mesh":223},{"matrix":[1,0,0,0,0,1,0,0,0,0,1,0,174.54545454545456,4,240,1],"mesh":224},{"matrix":[1,0,0,0,0,1,0,0,0,0,1,0,152.72727272727272,4,240,1],"mesh":225},{"matrix":[1,0,0,0,0,1,0,0,0,0,1,0,130.9090909090909,4,240,1],"mesh":226},{"matrix":[1,0,0,0,0,1,0,0,0,0,1,0,109.0909090909091,4,240,1],"mesh":227},{"matrix":[1,0,0,0,0,1,0,0,0,0,1,0,87.27272727272728,4,240,1],"mesh":228},{"matrix":[1,0,0,0,0,1,0,0,0,0,1,0,65.45454545454544,4,240,1],"mesh":229},{"matrix":[1,0,0,0,0,1,0,0,0,0,1,0,43.636363636363626,4,240,1],"mesh":230},{"matrix":[1,0,0,0,0,1,0,0,0,0,1,0,21.818181818181813,4,240,1],"mesh":231},{"matrix":[1,0,0,0,0,1,0,0,0,0,1,0,0,4,240,1],"mesh":232},{"matrix":[1,0,0,0,0,1,0,0,0,0,1,0,-21.818181818181813,4,240,1],"mesh":233},{"matrix":[1,0,0,0,0,1,0,0,0,0,1,0,-43.636363636363626,4,240,1],"mesh":234},{"matrix":[1,0,0,0,0,1,0,0,0,0,1,0,-65.45454545454544,4,240,1],"mesh":235},{"matrix":[1,0,0,0,0,1,0,0,0,0,1,0,-87.27272727272725,4,240,1],"mesh":236},{"matrix":[1,0,0,0,0,1,0,0,0,0,1,0,-109.09090909090912,4,240,1],"mesh":237},{"matrix":[1,0,0,0,0,1,0,0,0,0,1,0,-130.90909090909088,4,240,1],"mesh":238},{"matrix":[1,0,0,0,0,1,0,0,0,0,1,0,-152.72727272727275,4,240,1],"mesh":239},{"matrix":[1,0,0,0,0,1,0,0,0,0,1,0,-174.54545454545456,4,240,1],"mesh":240},{"matrix":[1,0,0,0,0,1,0,0,0,0,1,0,-196.36363636363637,4,240,1],"mesh":241},{"matrix":[1,0,0,0,0,1,0,0,0,0,1,0,-218.1818181818182,4,240,1],"mesh":242},{"matrix":[1,0,0,0,0,1,0,0,0,0,1,0,-240,4,240,1],"mesh":243},{"matrix":[-1,0,1.2246467991473532e-16,0,0,1,0,0,-1.2246467991473532e-16,0,-1,0,0,6.5,240,1],"mesh":244},{"matrix":[-1,0,1.2246467991473532e-16,0,0,1,0,0,-1.2246467991473532e-16,0,-1,0,0,3.5,240,1],"mesh":245},{"matrix":[1,0,0,0,0,1,0,0,0,0,1,0,-240,4,240,1],"mesh":246},{"matrix":[1,0,0,0,0,1,0,0,0,0,1,0,-240,4,218.1818181818182,1],"mesh":247},{"matrix":[1,0,0,0,0,1,0,0,0,0,1,0,-240,4,196.36363636363637,1],"mesh":248},{"matrix":[1,0,0,0,0,1,0,0,0,0,1,0,-240,4,174.54545454545456,1],"mesh":249},{"matrix":[1,0,0,0,0,1,0,0,0,0,1,0,-240,4,152.72727272727272,1],"mesh":250},{"matrix":[1,0,0,0,0,1,0,0,0,0,1,0,-240,4,130.9090909090909,1],"mesh":251},{"matrix":[1,0,0,0,0,1,0,0,0,0,1,0,-240,4,109.0909090909091,1],"mesh":252},{"matrix":[1,0,0,0,0,1,0,0,0,0,1,0,-240,4,87.27272727272728,1],"mesh":253},{"matrix":[1,0,0,0,0,1,0,0,0,0,1,0,-240,4,65.45454545454544,1],"mesh":254},{"matrix":[1,0,0,0,0,1,0,0,0,0,1,0,-240,4,43.636363636363626,1],"mesh":255},{"matrix":[1,0,0,0,0,1,0,0,0,0,1,0,-240,4,21.818181818181813,1],"mesh":256},{"matrix":[1,0,0,0,0,1,0,0,0,0,1,0,-240,4,0,1],"mesh":257},{"matrix":[1,0,0,0,0,1,0,0,0,0,1,0,-240,4,-21.818181818181813,1],"mesh":258},{"matrix":[1,0,0,0,0,1,0,0,0,0,1,0,-240,4,-43.636363636363626,1],"mesh":259},{"matrix":[1,0,0,0,0,1,0,0,0,0,1,0,-240,4,-65.45454545454544,1],"mesh":260},{"matrix":[1,0,0,0,0,1,0,0,0,0,1,0,-240,4,-87.27272727272725,1],"mesh":261},{"matrix":[1,0,0,0,0,1,0,0,0,0,1,0,-240,4,-109.09090909090912,1],"mesh":262},{"matrix":[1,0,0,0,0,1,0,0,0,0,1,0,-240,4,-130.90909090909088,1],"mesh":263},{"matrix":[1,0,0,0,0,1,0,0,0,0,1,0,-240,4,-152.72727272727275,1],"mesh":264},{"matrix":[1,0,0,0,0,1,0,0,0,0,1,0,-240,4,-174.54545454545456,1],"mesh":265},{"matrix":[1,0,0,0,0,1,0,0,0,0,1,0,-240,4,-196.36363636363637,1],"mesh":266},{"matrix":[1,0,0,0,0,1,0,0,0,0,1,0,-240,4,-218.1818181818182,1],"mesh":267},{"matrix":[1,0,0,0,0,1,0,0,0,0,1,0,-240,4,-240,1],"mesh":268},{"matrix":[2.220446049250313e-16,0,-1,0,0,1,0,0,1,0,2.220446049250313e-16,0,-240,6.5,0,1],"mesh":269},{"matrix":[2.220446049250313e-16,0,-1,0,0,1,0,0,1,0,2.220446049250313e-16,0,-240,3.5,0,1],"mesh":270},{"children":[178,179,180,181,182,183,184,185,186,187,188,189,190,191,192,193,194,195,196,197,198,199,200,201,202,203,204,205,206,207,208,209,210,211,212,213,214,215,216,217,218,219,220,221,222,223,224,225,226,227,228,229,230,231,232,233,234,235,236,237,238,239,240,241,242,243,244,245,246,247,248,249,250,251,252,253,254,255,256,257,258,259,260,261,262,263,264,265,266,267,268,269,270,271,272,273,274,275,276,277]},{"matrix":[1,0,0,0,0,1,0,0,0,0,1,0,0,12,0,1],"mesh":271},{"matrix":[1,0,0,0,0,1,0,0,0,0,1,0,0,24,0,1],"mesh":272},{"matrix":[1,0,0,0,0,1,0,0,0,0,1,0,-2.5,24,0.6,1],"mesh":273},{"matrix":[1,0,0,0,0,1,0,0,0,0,1,0,2.5,24,0.6,1],"mesh":274},{"matrix":[1,0,0,0,0,1,0,0,0,0,1,0,200,0,200,1],"children":[279,280,281,282]},{"matrix":[1,0,0,0,0,1,0,0,0,0,1,0,0,12,0,1],"mesh":275},{"matrix":[1,0,0,0,0,1,0,0,0,0,1,0,0,24,0,1],"mesh":276},{"matrix":[1,0,0,0,0,1,0,0,0,0,1,0,-2.5,24,0.6,1],"mesh":277},{"matrix":[1,0,0,0,0,1,0,0,0,0,1,0,2.5,24,0.6,1],"mesh":278},{"matrix":[1,0,0,0,0,1,0,0,0,0,1,0,-200,0,200,1],"children":[284,285,286,287]},{"matrix":[1,0,0,0,0,1,0,0,0,0,1,0,0,12,0,1],"mesh":279},{"matrix":[1,0,0,0,0,1,0,0,0,0,1,0,0,24,0,1],"mesh":280},{"matrix":[1,0,0,0,0,1,0,0,0,0,1,0,-2.5,24,0.6,1],"mesh":281},{"matrix":[1,0,0,0,0,1,0,0,0,0,1,0,2.5,24,0.6,1],"mesh":282},{"matrix":[1,0,0,0,0,1,0,0,0,0,1,0,200,0,-200,1],"children":[289,290,291,292]},{"matrix":[1,0,0,0,0,1,0,0,0,0,1,0,0,12,0,1],"mesh":283},{"matrix":[1,0,0,0,0,1,0,0,0,0,1,0,0,24,0,1],"mesh":284},{"matrix":[1,0,0,0,0,1,0,0,0,0,1,0,-2.5,24,0.6,1],"mesh":285},{"matrix":[1,0,0,0,0,1,0,0,0,0,1,0,2.5,24,0.6,1],"mesh":286},{"matrix":[1,0,0,0,0,1,0,0,0,0,1,0,-200,0,-200,1],"children":[294,295,296,297]},{"matrix":[1,0,0,0,0,1,0,0,0,0,1,0,0,41,0,1],"mesh":287},{"matrix":[1,0,0,0,0,1,0,0,0,0,1,0,0,87,0,1],"mesh":288},{"matrix":[1,0,0,0,0,-1,1.2246467991473532e-16,0,0,-1.2246467991473532e-16,-1,0,0,99,0,1],"mesh":289},{"matrix":[1,0,0,0,0,1,0,0,0,0,1,0,6.2,45,0,1],"mesh":290},{"matrix":[1,0,0,0,0,1,0,0,0,0,1,0,-6.2,45,0,1],"mesh":291},{"matrix":[1,0,0,0,0,1,0,0,0,0,1,0,18,11,0,1],"mesh":292},{"matrix":[0.5000000000000001,0,0.8660254037844386,0,0,1,0,0,-0.8660254037844386,0,0.5000000000000001,0,9.000000000000002,11,15.588457268119894,1],"mesh":293},{"matrix":[-0.4999999999999998,0,0.8660254037844388,0,0,1,0,0,-0.8660254037844388,0,-0.4999999999999998,0,-8.999999999999996,11,15.588457268119896,1],"mesh":294},{"matrix":[-1,0,1.2246467991473532e-16,0,0,1,0,0,-1.2246467991473532e-16,0,-1,0,-18,11,2.204364238465236e-15,1],"mesh":295},{"matrix":[-0.5000000000000002,0,-0.8660254037844384,0,0,1,0,0,0.8660254037844384,0,-0.5000000000000002,0,-9.000000000000007,11,-15.58845726811989,1],"mesh":296},{"matrix":[0.5000000000000001,0,-0.8660254037844386,0,0,1,0,0,0.8660254037844386,0,0.5000000000000001,0,9.000000000000002,11,-15.588457268119894,1],"mesh":297},{"children":[299,300,301,302,303,304,305,306,307,308,309]},{"children":[23,37,150,172,173,174,175,176,177,278,283,288,293,298,310]}],"bufferViews":[{"buffer":0,"byteOffset":0,"byteLength":288,"target":34962,"byteStride":12},{"buffer":0,"byteOffset":288,"byteLength":288,"target":34962,"byteStride":12},{"buffer":0,"byteOffset":576,"byteLength":192,"target":34962,"byteStride":8},{"buffer":0,"byteOffset":768,"byteLength":72,"target":34963},{"buffer":0,"byteOffset":840,"byteLength":288,"target":34962,"byteStride":12},{"buffer":0,"byteOffset":1128,"byteLength":288,"target":34962,"byteStride":12},{"buffer":0,"byteOffset":1416,"byteLength":192,"target":34962,"byteStride":8},{"buffer":0,"byteOffset":1608,"byteLength":72,"target":34963},{"buffer":0,"byteOffset":1680,"byteLength":2064,"target":34962,"byteStride":12},{"buffer":0,"byteOffset":3744,"byteLength":2064,"target":34962,"byteStride":12},{"buffer":0,"byteOffset":5808,"byteLength":1376,"target":34962,"byteStride":8},{"buffer":0,"byteOffset":7184,"byteLength":672,"target":34963},{"buffer":0,"byteOffset":7856,"byteLength":288,"target":34962,"byteStride":12},{"buffer":0,"byteOffset":8144,"byteLength":288,"target":34962,"byteStride":12},{"buffer":0,"byteOffset":8432,"byteLength":192,"target":34962,"byteStride":8},{"buffer":0,"byteOffset":8624,"byteLength":72,"target":34963},{"buffer":0,"byteOffset":8696,"byteLength":288,"target":34962,"byteStride":12},{"buffer":0,"byteOffset":8984,"byteLength":288,"target":34962,"byteStride":12},{"buffer":0,"byteOffset":9272,"byteLength":192,"target":34962,"byteStride":8},{"buffer":0,"byteOffset":9464,"byteLength":72,"target":34963},{"buffer":0,"byteOffset":9536,"byteLength":288,"target":34962,"byteStride":12},{"buffer":0,"byteOffset":9824,"byteLength":288,"target":34962,"byteStride":12},{"buffer":0,"byteOffset":10112,"byteLength":192,"target":34962,"byteStride":8},{"buffer":0,"byteOffset":10304,"byteLength":72,"target":34963},{"buffer":0,"byteOffset":10376,"byteLength":288,"target":34962,"byteStride":12},{"buffer":0,"byteOffset":10664,"byteLength":288,"target":34962,"byteStride":12},{"buffer":0,"byteOffset":10952,"byteLength":192,"target":34962,"byteStride":8},{"buffer":0,"byteOffset":11144,"byteLength":72,"target":34963},{"buffer":0,"byteOffset":11216,"byteLength":288,"target":34962,"byteStride":12},{"buffer":0,"byteOffset":11504,"byteLength":288,"target":34962,"byteStride":12},{"buffer":0,"byteOffset":11792,"byteLength":192,"target":34962,"byteStride":8},{"buffer":0,"byteOffset":11984,"byteLength":72,"target":34963},{"buffer":0,"byteOffset":12056,"byteLength":288,"target":34962,"byteStride":12},{"buffer":0,"byteOffset":12344,"byteLength":288,"target":34962,"byteStride":12},{"buffer":0,"byteOffset":12632,"byteLength":192,"target":34962,"byteStride":8},{"buffer":0,"byteOffset":12824,"byteLength":72,"target":34963},{"buffer":0,"byteOffset":12896,"byteLength":288,"target":34962,"byteStride":12},{"buffer":0,"byteOffset":13184,"byteLength":288,"target":34962,"byteStride":12},{"buffer":0,"byteOffset":13472,"byteLength":192,"target":34962,"byteStride":8},{"buffer":0,"byteOffset":13664,"byteLength":72,"target":34963},{"buffer":0,"byteOffset":13736,"byteLength":288,"target":34962,"byteStride":12},{"buffer":0,"byteOffset":14024,"byteLength":288,"target":34962,"byteStride":12},{"buffer":0,"byteOffset":14312,"byteLength":192,"target":34962,"byteStride":8},{"buffer":0,"byteOffset":14504,"byteLength":72,"target":34963},{"buffer":0,"byteOffset":14576,"byteLength":288,"target":34962,"byteStride":12},{"buffer":0,"byteOffset":14864,"byteLength":288,"target":34962,"byteStride":12},{"buffer":0,"byteOffset":15152,"byteLength":192,"target":34962,"byteStride":8},{"buffer":0,"byteOffset":15344,"byteLength":72,"target":34963},{"buffer":0,"byteOffset":15416,"byteLength":288,"target":34962,"byteStride":12},{"buffer":0,"byteOffset":15704,"byteLength":288,"target":34962,"byteStride":12},{"buffer":0,"byteOffset":15992,"byteLength":192,"target":34962,"byteStride":8},{"buffer":0,"byteOffset":16184,"byteLength":72,"target":34963},{"buffer":0,"byteOffset":16256,"byteLength":288,"target":34962,"byteStride":12},{"buffer":0,"byteOffset":16544,"byteLength":288,"target":34962,"byteStride":12},{"buffer":0,"byteOffset":16832,"byteLength":192,"target":34962,"byteStride":8},{"buffer":0,"byteOffset":17024,"byteLength":72,"target":34963},{"buffer":0,"byteOffset":17096,"byteLength":288,"target":34962,"byteStride":12},{"buffer":0,"byteOffset":17384,"byteLength":288,"target":34962,"byteStride":12},{"buffer":0,"byteOffset":17672,"byteLength":192,"target":34962,"byteStride":8},{"buffer":0,"byteOffset":17864,"byteLength":72,"target":34963},{"buffer":0,"byteOffset":17936,"byteLength":288,"target":34962,"byteStride":12},{"buffer":0,"byteOffset":18224,"byteLength":288,"target":34962,"byteStride":12},{"buffer":0,"byteOffset":18512,"byteLength":192,"target":34962,"byteStride":8},{"buffer":0,"byteOffset":18704,"byteLength":72,"target":34963},{"buffer":0,"byteOffset":18776,"byteLength":288,"target":34962,"byteStride":12},{"buffer":0,"byteOffset":19064,"byteLength":288,"target":34962,"byteStride":12},{"buffer":0,"byteOffset":19352,"byteLength":192,"target":34962,"byteStride":8},{"buffer":0,"byteOffset":19544,"byteLength":72,"target":34963},{"buffer":0,"byteOffset":19616,"byteLength":288,"target":34962,"byteStride":12},{"buffer":0,"byteOffset":19904,"byteLength":288,"target":34962,"byteStride":12},{"buffer":0,"byteOffset":20192,"byteLength":192,"target":34962,"byteStride":8},{"buffer":0,"byteOffset":20384,"byteLength":72,"target":34963},{"buffer":0,"byteOffset":20456,"byteLength":288,"target":34962,"byteStride":12},{"buffer":0,"byteOffset":20744,"byteLength":288,"target":34962,"byteStride":12},{"buffer":0,"byteOffset":21032,"byteLength":192,"target":34962,"byteStride":8},{"buffer":0,"byteOffset":21224,"byteLength":72,"target":34963},{"buffer":0,"byteOffset":21296,"byteLength":288,"target":34962,"byteStride":12},{"buffer":0,"byteOffset":21584,"byteLength":288,"target":34962,"byteStride":12},{"buffer":0,"byteOffset":21872,"byteLength":192,"target":34962,"byteStride":8},{"buffer":0,"byteOffset":22064,"byteLength":72,"target":34963},{"buffer":0,"byteOffset":22136,"byteLength":288,"target":34962,"byteStride":12},{"buffer":0,"byteOffset":22424,"byteLength":288,"target":34962,"byteStride":12},{"buffer":0,"byteOffset":22712,"byteLength":192,"target":34962,"byteStride":8},{"buffer":0,"byteOffset":22904,"byteLength":72,"target":34963},{"buffer":0,"byteOffset":22976,"byteLength":288,"target":34962,"byteStride":12},{"buffer":0,"byteOffset":23264,"byteLength":288,"target":34962,"byteStride":12},{"buffer":0,"byteOffset":23552,"byteLength":192,"target":34962,"byteStride":8},{"buffer":0,"byteOffset":23744,"byteLength":72,"target":34963},{"buffer":0,"byteOffset":23816,"byteLength":288,"target":34962,"byteStride":12},{"buffer":0,"byteOffset":24104,"byteLength":288,"target":34962,"byteStride":12},{"buffer":0,"byteOffset":24392,"byteLength":192,"target":34962,"byteStride":8},{"buffer":0,"byteOffset":24584,"byteLength":72,"target":34963},{"buffer":0,"byteOffset":24656,"byteLength":288,"target":34962,"byteStride":12},{"buffer":0,"byteOffset":24944,"byteLength":288,"target":34962,"byteStride":12},{"buffer":0,"byteOffset":25232,"byteLength":192,"target":34962,"byteStride":8},{"buffer":0,"byteOffset":25424,"byteLength":72,"target":34963},{"buffer":0,"byteOffset":25496,"byteLength":288,"target":34962,"byteStride":12},{"buffer":0,"byteOffset":25784,"byteLength":288,"target":34962,"byteStride":12},{"buffer":0,"byteOffset":26072,"byteLength":192,"target":34962,"byteStride":8},{"buffer":0,"byteOffset":26264,"byteLength":72,"target":34963},{"buffer":0,"byteOffset":26336,"byteLength":288,"target":34962,"byteStride":12},{"buffer":0,"byteOffset":26624,"byteLength":288,"target":34962,"byteStride":12},{"buffer":0,"byteOffset":26912,"byteLength":192,"target":34962,"byteStride":8},{"buffer":0,"byteOffset":27104,"byteLength":72,"target":34963},{"buffer":0,"byteOffset":27176,"byteLength":3420,"target":34962,"byteStride":12},{"buffer":0,"byteOffset":30596,"byteLength":3420,"target":34962,"byteStride":12},{"buffer":0,"byteOffset":34016,"byteLength":2280,"target":34962,"byteStride":8},{"buffer":0,"byteOffset":36296,"byteLength":2808,"target":34963},{"buffer":0,"byteOffset":39104,"byteLength":3420,"target":34962,"byteStride":12},{"buffer":0,"byteOffset":42524,"byteLength":3420,"target":34962,"byteStride":12},{"buffer":0,"byteOffset":45944,"byteLength":2280,"target":34962,"byteStride":8},{"buffer":0,"byteOffset":48224,"byteLength":2808,"target":34963},{"buffer":0,"byteOffset":51032,"byteLength":3420,"target":34962,"byteStride":12},{"buffer":0,"byteOffset":54452,"byteLength":3420,"target":34962,"byteStride":12},{"buffer":0,"byteOffset":57872,"byteLength":2280,"target":34962,"byteStride":8},{"buffer":0,"byteOffset":60152,"byteLength":2808,"target":34963},{"buffer":0,"byteOffset":62960,"byteLength":3420,"target":34962,"byteStride":12},{"buffer":0,"byteOffset":66380,"byteLength":3420,"target":34962,"byteStride":12},{"buffer":0,"byteOffset":69800,"byteLength":2280,"target":34962,"byteStride":8},{"buffer":0,"byteOffset":72080,"byteLength":2808,"target":34963},{"buffer":0,"byteOffset":74888,"byteLength":3420,"target":34962,"byteStride":12},{"buffer":0,"byteOffset":78308,"byteLength":3420,"target":34962,"byteStride":12},{"buffer":0,"byteOffset":81728,"byteLength":2280,"target":34962,"byteStride":8},{"buffer":0,"byteOffset":84008,"byteLength":2808,"target":34963},{"buffer":0,"byteOffset":86816,"byteLength":3420,"target":34962,"byteStride":12},{"buffer":0,"byteOffset":90236,"byteLength":3420,"target":34962,"byteStride":12},{"buffer":0,"byteOffset":93656,"byteLength":2280,"target":34962,"byteStride":8},{"buffer":0,"byteOffset":95936,"byteLength":2808,"target":34963},{"buffer":0,"byteOffset":98744,"byteLength":3420,"target":34962,"byteStride":12},{"buffer":0,"byteOffset":102164,"byteLength":3420,"target":34962,"byteStride":12},{"buffer":0,"byteOffset":105584,"byteLength":2280,"target":34962,"byteStride":8},{"buffer":0,"byteOffset":107864,"byteLength":2808,"target":34963},{"buffer":0,"byteOffset":110672,"byteLength":3420,"target":34962,"byteStride":12},{"buffer":0,"byteOffset":114092,"byteLength":3420,"target":34962,"byteStride":12},{"buffer":0,"byteOffset":117512,"byteLength":2280,"target":34962,"byteStride":8},{"buffer":0,"byteOffset":119792,"byteLength":2808,"target":34963},{"buffer":0,"byteOffset":122600,"byteLength":3420,"target":34962,"byteStride":12},{"buffer":0,"byteOffset":126020,"byteLength":3420,"target":34962,"byteStride":12},{"buffer":0,"byteOffset":129440,"byteLength":2280,"target":34962,"byteStride":8},{"buffer":0,"byteOffset":131720,"byteLength":2808,"target":34963},{"buffer":0,"byteOffset":134528,"byteLength":3420,"target":34962,"byteStride":12},{"buffer":0,"byteOffset":137948,"byteLength":3420,"target":34962,"byteStride":12},{"buffer":0,"byteOffset":141368,"byteLength":2280,"target":34962,"byteStride":8},{"buffer":0,"byteOffset":143648,"byteLength":2808,"target":34963},{"buffer":0,"byteOffset":146456,"byteLength":288,"target":34962,"byteStride":12},{"buffer":0,"byteOffset":146744,"byteLength":288,"target":34962,"byteStride":12},{"buffer":0,"byteOffset":147032,"byteLength":192,"target":34962,"byteStride":8},{"buffer":0,"byteOffset":147224,"byteLength":72,"target":34963},{"buffer":0,"byteOffset":147296,"byteLength":288,"target":34962,"byteStride":12},{"buffer":0,"byteOffset":147584,"byteLength":288,"target":34962,"byteStride":12},{"buffer":0,"byteOffset":147872,"byteLength":192,"target":34962,"byteStride":8},{"buffer":0,"byteOffset":148064,"byteLength":72,"target":34963},{"buffer":0,"byteOffset":148136,"byteLength":288,"target":34962,"byteStride":12},{"buffer":0,"byteOffset":148424,"byteLength":288,"target":34962,"byteStride":12},{"buffer":0,"byteOffset":148712,"byteLength":192,"target":34962,"byteStride":8},{"buffer":0,"byteOffset":148904,"byteLength":72,"target":34963},{"buffer":0,"byteOffset":148976,"byteLength":288,"target":34962,"byteStride":12},{"buffer":0,"byteOffset":149264,"byteLength":288,"target":34962,"byteStride":12},{"buffer":0,"byteOffset":149552,"byteLength":192,"target":34962,"byteStride":8},{"buffer":0,"byteOffset":149744,"byteLength":72,"target":34963},{"buffer":0,"byteOffset":149816,"byteLength":288,"target":34962,"byteStride":12},{"buffer":0,"byteOffset":150104,"byteLength":288,"target":34962,"byteStride":12},{"buffer":0,"byteOffset":150392,"byteLength":192,"target":34962,"byteStride":8},{"buffer":0,"byteOffset":150584,"byteLength":72,"target":34963},{"buffer":0,"byteOffset":150656,"byteLength":288,"target":34962,"byteStride":12},{"buffer":0,"byteOffset":150944,"byteLength":288,"target":34962,"byteStride":12},{"buffer":0,"byteOffset":151232,"byteLength":192,"target":34962,"byteStride":8},{"buffer":0,"byteOffset":151424,"byteLength":72,"target":34963},{"buffer":0,"byteOffset":151496,"byteLength":288,"target":34962,"byteStride":12},{"buffer":0,"byteOffset":151784,"byteLength":288,"target":34962,"byteStride":12},{"buffer":0,"byteOffset":152072,"byteLength":192,"target":34962,"byteStride":8},{"buffer":0,"byteOffset":152264,"byteLength":72,"target":34963},{"buffer":0,"byteOffset":152336,"byteLength":288,"target":34962,"byteStride":12},{"buffer":0,"byteOffset":152624,"byteLength":288,"target":34962,"byteStride":12},{"buffer":0,"byteOffset":152912,"byteLength":192,"target":34962,"byteStride":8},{"buffer":0,"byteOffset":153104,"byteLength":72,"target":34963},{"buffer":0,"byteOffset":153176,"byteLength":288,"target":34962,"byteStride":12},{"buffer":0,"byteOffset":153464,"byteLength":288,"target":34962,"byteStride":12},{"buffer":0,"byteOffset":153752,"byteLength":192,"target":34962,"byteStride":8},{"buffer":0,"byteOffset":153944,"byteLength":72,"target":34963},{"buffer":0,"byteOffset":154016,"byteLength":288,"target":34962,"byteStride":12},{"buffer":0,"byteOffset":154304,"byteLength":288,"target":34962,"byteStride":12},{"buffer":0,"byteOffset":154592,"byteLength":192,"target":34962,"byteStride":8},{"buffer":0,"byteOffset":154784,"byteLength":72,"target":34963},{"buffer":0,"byteOffset":154856,"byteLength":288,"target":34962,"byteStride":12},{"buffer":0,"byteOffset":155144,"byteLength":288,"target":34962,"byteStride":12},{"buffer":0,"byteOffset":155432,"byteLength":192,"target":34962,"byteStride":8},{"buffer":0,"byteOffset":155624,"byteLength":72,"target":34963},{"buffer":0,"byteOffset":155696,"byteLength":288,"target":34962,"byteStride":12},{"buffer":0,"byteOffset":155984,"byteLength":288,"target":34962,"byteStride":12},{"buffer":0,"byteOffset":156272,"byteLength":192,"target":34962,"byteStride":8},{"buffer":0,"byteOffset":156464,"byteLength":72,"target":34963},{"buffer":0,"byteOffset":156536,"byteLength":288,"target":34962,"byteStride":12},{"buffer":0,"byteOffset":156824,"byteLength":288,"target":34962,"byteStride":12},{"buffer":0,"byteOffset":157112,"byteLength":192,"target":34962,"byteStride":8},{"buffer":0,"byteOffset":157304,"byteLength":72,"target":34963},{"buffer":0,"byteOffset":157376,"byteLength":288,"target":34962,"byteStride":12},{"buffer":0,"byteOffset":157664,"byteLength":288,"target":34962,"byteStride":12}