{"asset":{"version":"2.0","generator":"THREE.GLTFExporter"},"scenes":[{"name":"AuxScene","nodes":[1143]}],"scene":0,"nodes":[{"matrix":[1,0,0,0,0,1,0,0,0,0,1,0,2323,41.666666666666664,0,1],"mesh":0},{"matrix":[0.8660254037844387,0,0.49999999999999994,0,0,1,0,0,-0.49999999999999994,0,0.8660254037844387,0,2011.777012991251,41.666666666666664,1161.4999999999998,1],"mesh":1},{"matrix":[0.5000000000000001,0,0.8660254037844386,0,0,1,0,0,-0.8660254037844386,0,0.5000000000000001,0,1161.5000000000002,41.666666666666664,2011.7770129912508,1],"mesh":2},{"matrix":[2.220446049250313e-16,0,1,0,0,1,0,0,-1,0,2.220446049250313e-16,0,1.4224272572096506e-13,41.666666666666664,2323,1],"mesh":3},{"matrix":[-0.4999999999999998,0,0.8660254037844388,0,0,1,0,0,-0.8660254037844388,0,-0.4999999999999998,0,-1161.4999999999995,41.666666666666664,2011.777012991251,1],"mesh":4},{"matrix":[-0.8660254037844388,0,0.49999999999999994,0,0,1,0,0,-0.49999999999999994,0,-0.8660254037844388,0,-2011.777012991251,41.666666666666664,1161.4999999999998,1],"mesh":5},{"matrix":[-1,0,1.2246467991473532e-16,0,0,1,0,0,-1.2246467991473532e-16,0,-1,0,-2323,41.666666666666664,2.8448545144193013e-13,1],"mesh":6},{"matrix":[-0.8660254037844388,0,-0.5000000000000002,0,0,1,0,0,0.5000000000000002,0,-0.8660254037844388,0,-2011.7770129912508,41.666666666666664,-1161.5000000000002,1],"mesh":7},{"matrix":[-0.5000000000000002,0,-0.8660254037844384,0,0,1,0,0,0.8660254037844384,0,-0.5000000000000002,0,-1161.5000000000011,41.666666666666664,-2011.7770129912503,1],"mesh":8},{"matrix":[-2.220446049250313e-16,0,-1,0,0,1,0,0,1,0,-2.220446049250313e-16,0,-4.267281771628952e-13,41.666666666666664,-2323,1],"mesh":9},{"matrix":[0.5000000000000001,0,-0.8660254037844386,0,0,1,0,0,0.8660254037844386,0,0.5000000000000001,0,1161.5000000000002,41.666666666666664,-2011.7770129912508,1],"mesh":10},{"matrix":[0.8660254037844384,0,-0.5000000000000004,0,0,1,0,0,0.5000000000000004,0,0.8660254037844384,0,2011.7770129912503,41.666666666666664,-1161.5000000000011,1],"mesh":11},{"matrix":[1,0,0,0,0,1,0,0,0,0,1,0,0,41.666666666666664,0,1],"mesh":12},{"matrix":[1,0,0,0,0,1,0,0,0,0,1,0,0,41.666666666666664,0,1],"mesh":13},{"matrix":[1,0,0,0,0,1,0,0,0,0,1,0,2285.3728813559323,125,0,1],"mesh":14},{"matrix":[0.8660254037844387,0,0.49999999999999994,0,0,1,0,0,-0.49999999999999994,0,0.8660254037844387,0,1979.1909723742774,125,1142.686440677966,1],"mesh":15},{"matrix":[0.5000000000000001,0,0.8660254037844386,0,0,1,0,0,-0.8660254037844386,0,0.5000000000000001,0,1142.6864406779664,125,1979.1909723742772,1],"mesh":16},{"matrix":[2.220446049250313e-16,0,1,0,0,1,0,0,-1,0,2.220446049250313e-16,0,1.399387292005353e-13,125,2285.3728813559323,1],"mesh":17},{"matrix":[-0.4999999999999998,0,0.8660254037844388,0,0,1,0,0,-0.8660254037844388,0,-0.4999999999999998,0,-1142.6864406779657,125,1979.1909723742774,1],"mesh":18},{"matrix":[-0.8660254037844388,0,0.49999999999999994,0,0,1,0,0,-0.49999999999999994,0,-0.8660254037844388,0,-1979.1909723742774,125,1142.686440677966,1],"mesh":19},{"matrix":[-1,0,1.2246467991473532e-16,0,0,1,0,0,-1.2246467991473532e-16,0,-1,0,-2285.3728813559323,125,2.798774584010706e-13,1],"mesh":20},{"matrix":[-0.8660254037844388,0,-0.5000000000000002,0,0,1,0,0,0.5000000000000002,0,-0.8660254037844388,0,-1979.1909723742772,125,-1142.6864406779664,1],"mesh":21},{"matrix":[-0.5000000000000002,0,-0.8660254037844384,0,0,1,0,0,0.8660254037844384,0,-0.5000000000000002,0,-1142.686440677967,125,-1979.1909723742767,1],"mesh":22},{"matrix":[-2.220446049250313e-16,0,-1,0,0,1,0,0,1,0,-2.220446049250313e-16,0,-4.1981618760160593e-13,125,-2285.3728813559323,1],"mesh":23},{"matrix":[0.5000000000000001,0,-0.8660254037844386,0,0,1,0,0,0.8660254037844386,0,0.5000000000000001,0,1142.6864406779664,125,-1979.1909723742772,1],"mesh":24},{"matrix":[0.8660254037844384,0,-0.5000000000000004,0,0,1,0,0,0.5000000000000004,0,0.8660254037844384,0,1979.1909723742767,125,-1142.686440677967,1],"mesh":25},{"matrix":[1,0,0,0,0,1,0,0,0,0,1,0,0,125,0,1],"mesh":26},{"matrix":[1,0,0,0,0,1,0,0,0,0,1,0,0,125,0,1],"mesh":27},{"matrix":[1,0,0,0,0,1,0,0,0,0,1,0,2247.7457627118642,208.33333333333331,0,1],"mesh":28},{"matrix":[0.8660254037844387,0,0.49999999999999994,0,0,1,0,0,-0.49999999999999994,0,0.8660254037844387,0,1946.6049317573033,208.33333333333331,1123.872881355932,1],"mesh":29},{"matrix":[0.5000000000000001,0,0.8660254037844386,0,0,1,0,0,-0.8660254037844386,0,0.5000000000000001,0,1123.8728813559323,208.33333333333331,1946.6049317573031,1],"mesh":30},{"matrix":[2.220446049250313e-16,0,1,0,0,1,0,0,-1,0,2.220446049250313e-16,0,1.3763473268010553e-13,208.33333333333331,2247.7457627118642,1],"mesh":31},{"matrix":[-0.4999999999999998,0,0.8660254037844388,0,0,1,0,0,-0.8660254037844388,0,-0.4999999999999998,0,-1123.8728813559317,208.33333333333331,1946.6049317573033,1],"mesh":32},{"matrix":[-0.8660254037844388,0,0.49999999999999994,0,0,1,0,0,-0.49999999999999994,0,-0.8660254037844388,0,-1946.6049317573033,208.33333333333331,1123.872881355932,1],"mesh":33},{"matrix":[-1,0,1.2246467991473532e-16,0,0,1,0,0,-1.2246467991473532e-16,0,-1,0,-2247.7457627118642,208.33333333333331,2.7526946536021107e-13,1],"mesh":34},{"matrix":[-0.8660254037844388,0,-0.5000000000000002,0,0,1,0,0,0.5000000000000002,0,-0.8660254037844388,0,-1946.6049317573031,208.33333333333331,-1123.8728813559323,1],"mesh":35},{"matrix":[-0.5000000000000002,0,-0.8660254037844384,0,0,1,0,0,0.8660254037844384,0,-0.5000000000000002,0,-1123.872881355933,208.33333333333331,-1946.6049317573027,1],"mesh":36},{"matrix":[-2.220446049250313e-16,0,-1,0,0,1,0,0,1,0,-2.220446049250313e-16,0,-4.1290419804031657e-13,208.33333333333331,-2247.7457627118642,1],"mesh":37},{"matrix":[0.5000000000000001,0,-0.8660254037844386,0,0,1,0,0,0.8660254037844386,0,0.5000000000000001,0,1123.8728813559323,208.33333333333331,-1946.6049317573031,1],"mesh":38},{"matrix":[0.8660254037844384,0,-0.5000000000000004,0,0,1,0,0,0.5000000000000004,0,0.8660254037844384,0,1946.6049317573027,208.33333333333331,-1123.872881355933,1],"mesh":39},{"matrix":[1,0,0,0,0,1,0,0,0,0,1,0,0,208.33333333333331,0,1],"mesh":40},{"matrix":[1,0,0,0,0,1,0,0,0,0,1,0,0,208.33333333333331,0,1],"mesh":41},{"matrix":[1,0,0,0,0,1,0,0,0,0,1,0,2210.1186440677966,291.66666666666663,0,1],"mesh":42},{"matrix":[0.8660254037844387,0,0.49999999999999994,0,0,1,0,0,-0.49999999999999994,0,0.8660254037844387,0,1914.0188911403297,291.66666666666663,1105.059322033898,1],"mesh":43},{"matrix":[0.5000000000000001,0,0.8660254037844386,0,0,1,0,0,-0.8660254037844386,0,0.5000000000000001,0,1105.0593220338985,291.66666666666663,1914.0188911403295,1],"mesh":44},{"matrix":[2.220446049250313e-16,0,1,0,0,1,0,0,-1,0,2.220446049250313e-16,0,1.3533073615967578e-13,291.66666666666663,2210.1186440677966,1],"mesh":45},{"matrix":[-0.4999999999999998,0,0.8660254037844388,0,0,1,0,0,-0.8660254037844388,0,-0.4999999999999998,0,-1105.0593220338978,291.66666666666663,1914.0188911403297,1],"mesh":46},{"matrix":[-0.8660254037844388,0,0.49999999999999994,0,0,1,0,0,-0.49999999999999994,0,-0.8660254037844388,0,-1914.0188911403297,291.66666666666663,1105.059322033898,1],"mesh":47},{"matrix":[-1,0,1.2246467991473532e-16,0,0,1,0,0,-1.2246467991473532e-16,0,-1,0,-2210.1186440677966,291.66666666666663,2.7066147231935156e-13,1],"mesh":48},{"matrix":[-0.8660254037844388,0,-0.5000000000000002,0,0,1,0,0,0.5000000000000002,0,-0.8660254037844388,0,-1914.0188911403295,291.66666666666663,-1105.0593220338985,1],"mesh":49},{"matrix":[-0.5000000000000002,0,-0.8660254037844384,0,0,1,0,0,0.8660254037844384,0,-0.5000000000000002,0,-1105.0593220338992,291.66666666666663,-1914.018891140329,1],"mesh":50},{"matrix":[-2.220446049250313e-16,0,-1,0,0,1,0,0,1,0,-2.220446049250313e-16,0,-4.059922084790273e-13,291.66666666666663,-2210.1186440677966,1],"mesh":51},{"matrix":[0.5000000000000001,0,-0.8660254037844386,0,0,1,0,0,0.8660254037844386,0,0.5000000000000001,0,1105.0593220338985,291.66666666666663,-1914.0188911403295,1],"mesh":52},{"matrix":[0.8660254037844384,0,-0.5000000000000004,0,0,1,0,0,0.5000000000000004,0,0.8660254037844384,0,1914.018891140329,291.66666666666663,-1105.0593220338992,1],"mesh":53},{"matrix":[1,0,0,0,0,1,0,0,0,0,1,0,0,291.66666666666663,0,1],"mesh":54},{"matrix":[1,0,0,0,0,1,0,0,0,0,1,0,0,291.66666666666663,0,1],"mesh":55},{"matrix":[1,0,0,0,0,1,0,0,0,0,1,0,2172.491525423729,375,0,1],"mesh":56},{"matrix":[0.8660254037844387,0,0.49999999999999994,0,0,1,0,0,-0.49999999999999994,0,0.8660254037844387,0,1881.4328505233561,375,1086.2457627118642,1],"mesh":57},{"matrix":[0.5000000000000001,0,0.8660254037844386,0,0,1,0,0,-0.8660254037844386,0,0.5000000000000001,0,1086.2457627118647,375,1881.432850523356,1],"mesh":58},{"matrix":[2.220446049250313e-16,0,1,0,0,1,0,0,-1,0,2.220446049250313e-16,0,1.3302673963924603e-13,375,2172.491525423729,1],"mesh":59},{"matrix":[-0.4999999999999998,0,0.8660254037844388,0,0,1,0,0,-0.8660254037844388,0,-0.4999999999999998,0,-1086.245762711864,375,1881.4328505233561,1],"mesh":60},{"matrix":[-0.8660254037844388,0,0.49999999999999994,0,0,1,0,0,-0.49999999999999994,0,-0.8660254037844388,0,-1881.4328505233561,375,1086.2457627118642,1],"mesh":61},{"matrix":[-1,0,1.2246467991473532e-16,0,0,1,0,0,-1.2246467991473532e-16,0,-1,0,-2172.491525423729,375,2.6605347927849206e-13,1],"mesh":62},{"matrix":[-0.8660254037844388,0,-0.5000000000000002,0,0,1,0,0,0.5000000000000002,0,-0.8660254037844388,0,-1881.432850523356,375,-1086.2457627118647,1],"mesh":63},{"matrix":[-0.5000000000000002,0,-0.8660254037844384,0,0,1,0,0,0.8660254037844384,0,-0.5000000000000002,0,-1086.2457627118654,375,-1881.4328505233552,1],"mesh":64},{"matrix":[-2.220446049250313e-16,0,-1,0,0,1,0,0,1,0,-2.220446049250313e-16,0,-3.99080218917738e-13,375,-2172.491525423729,1],"mesh":65},{"matrix":[0.5000000000000001,0,-0.8660254037844386,0,0,1,0,0,0.8660254037844386,0,0.5000000000000001,0,1086.2457627118647,375,-1881.432850523356,1],"mesh":66},{"matrix":[0.8660254037844384,0,-0.5000000000000004,0,0,1,0,0,0.5000000000000004,0,0.8660254037844384,0,1881.4328505233552,375,-1086.2457627118654,1],"mesh":67},{"matrix":[1,0,0,0,0,1,0,0,0,0,1,0,0,375,0,1],"mesh":68},{"matrix":[1,0,0,0,0,1,0,0,0,0,1,0,0,375,0,1],"mesh":69},{"matrix":[1,0,0,0,0,1,0,0,0,0,1,0,2134.8644067796613,458.3333333333333,0,1],"mesh":70},{"matrix":[0.8660254037844387,0,0.49999999999999994,0,0,1,0,0,-0.49999999999999994,0,0.8660254037844387,0,1848.8468099063823,458.3333333333333,1067.4322033898304,1],"mesh":71},{"matrix":[0.5000000000000001,0,0.8660254037844386,0,0,1,0,0,-0.8660254037844386,0,0.5000000000000001,0,1067.4322033898309,458.3333333333333,1848.846809906382,1],"mesh":72},{"matrix":[2.220446049250313e-16,0,1,0,0,1,0,0,-1,0,2.220446049250313e-16,0,1.3072274311881625e-13,458.3333333333333,2134.8644067796613,1],"mesh":73},{"matrix":[-0.4999999999999998,0,0.8660254037844388,0,0,1,0,0,-0.8660254037844388,0,-0.4999999999999998,0,-1067.4322033898302,458.3333333333333,1848.8468099063823,1],"mesh":74},{"matrix":[-0.8660254037844388,0,0.49999999999999994,0,0,1,0,0,-0.49999999999999994,0,-0.8660254037844388,0,-1848.8468099063823,458.3333333333333,1067.4322033898304,1],"mesh":75},{"matrix":[-1,0,1.2246467991473532e-16,0,0,1,0,0,-1.2246467991473532e-16,0,-1,0,-2134.8644067796613,458.3333333333333,2.614454862376325e-13,1],"mesh":76},{"matrix":[-0.8660254037844388,0,-0.5000000000000002,0,0,1,0,0,0.5000000000000002,0,-0.8660254037844388,0,-1848.846809906382,458.3333333333333,-1067.4322033898309,1],"mesh":77},{"matrix":[-0.5000000000000002,0,-0.8660254037844384,0,0,1,0,0,0.8660254037844384,0,-0.5000000000000002,0,-1067.4322033898316,458.3333333333333,-1848.8468099063816,1],"mesh":78},{"matrix":[-2.220446049250313e-16,0,-1,0,0,1,0,0,1,0,-2.220446049250313e-16,0,-3.9216822935644875e-13,458.3333333333333,-2134.8644067796613,1],"mesh":79},{"matrix":[0.5000000000000001,0,-0.8660254037844386,0,0,1,0,0,0.8660254037844386,0,0.5000000000000001,0,1067.4322033898309,458.3333333333333,-1848.846809906382,1],"mesh":80},{"matrix":[0.8660254037844384,0,-0.5000000000000004,0,0,1,0,0,0.5000000000000004,0,0.8660254037844384,0,1848.8468099063816,458.3333333333333,-1067.4322033898316,1],"mesh":81},{"matrix":[1,0,0,0,0,1,0,0,0,0,1,0,0,458.3333333333333,0,1],"mesh":82},{"matrix":[1,0,0,0,0,1,0,0,0,0,1,0,0,458.3333333333333,0,1],"mesh":83},{"matrix":[1,0,0,0,0,1,0,0,0,0,1,0,2097.237288135593,541.6666666666666,0,1],"mesh":84},{"matrix":[0.8660254037844387,0,0.49999999999999994,0,0,1,0,0,-0.49999999999999994,0,0.8660254037844387,0,1816.2607692894082,541.6666666666666,1048.6186440677964,1],"mesh":85},{"matrix":[0.5000000000000001,0,0.8660254037844386,0,0,1,0,0,-0.8660254037844386,0,0.5000000000000001,0,1048.6186440677968,541.6666666666666,1816.260769289408,1],"mesh":86},{"matrix":[2.220446049250313e-16,0,1,0,0,1,0,0,-1,0,2.220446049250313e-16,0,1.2841874659838647e-13,541.6666666666666,2097.237288135593,1],"mesh":87},{"matrix":[-0.4999999999999998,0,0.8660254037844388,0,0,1,0,0,-0.8660254037844388,0,-0.4999999999999998,0,-1048.6186440677961,541.6666666666666,1816.2607692894082,1],"mesh":88},{"matrix":[-0.8660254037844388,0,0.49999999999999994,0,0,1,0,0,-0.49999999999999994,0,-0.8660254037844388,0,-1816.2607692894082,541.6666666666666,1048.6186440677964,1],"mesh":89},{"matrix":[-1,0,1.2246467991473532e-16,0,0,1,0,0,-1.2246467991473532e-16,0,-1,0,-2097.237288135593,541.6666666666666,2.5683749319677294e-13,1],"mesh":90},{"matrix":[-0.8660254037844388,0,-0.5000000000000002,0,0,1,0,0,0.5000000000000002,0,-0.8660254037844388,0,-1816.260769289408,541.6666666666666,-1048.6186440677968,1],"mesh":91},{"matrix":[-0.5000000000000002,0,-0.8660254037844384,0,0,1,0,0,0.8660254037844384,0,-0.5000000000000002,0,-1048.6186440677975,541.6666666666666,-1816.2607692894076,1],"mesh":92},{"matrix":[-2.220446049250313e-16,0,-1,0,0,1,0,0,1,0,-2.220446049250313e-16,0,-3.852562397951594e-13,541.6666666666666,-2097.237288135593,1],"mesh":93},{"matrix":[0.5000000000000001,0,-0.8660254037844386,0,0,1,0,0,0.8660254037844386,0,0.5000000000000001,0,1048.6186440677968,541.6666666666666,-1816.260769289408,1],"mesh":94},{"matrix":[0.8660254037844384,0,-0.5000000000000004,0,0,1,0,0,0.5000000000000004,0,0.8660254037844384,0,1816.2607692894076,541.6666666666666,-1048.6186440677975,1],"mesh":95},{"matrix":[1,0,0,0,0,1,0,0,0,0,1,0,0,541.6666666666666,0,1],"mesh":96},{"matrix":[1,0,0,0,0,1,0,0,0,0,1,0,0,541.6666666666666,0,1],"mesh":97},{"matrix":[1,0,0,0,0,1,0,0,0,0,1,0,2059.6101694915255,625,0,1],"mesh":98},{"matrix":[0.8660254037844387,0,0.49999999999999994,0,0,1,0,0,-0.49999999999999994,0,0.8660254037844387,0,1783.6747286724346,625,1029.8050847457625,1],"mesh":99},{"matrix":[0.5000000000000001,0,0.8660254037844386,0,0,1,0,0,-0.8660254037844386,0,0.5000000000000001,0,1029.805084745763,625,1783.6747286724344,1],"mesh":100},{"matrix":[2.220446049250313e-16,0,1,0,0,1,0,0,-1,0,2.220446049250313e-16,0,1.2611475007795672e-13,625,2059.6101694915255,1],"mesh":101},{"matrix":[-0.4999999999999998,0,0.8660254037844388,0,0,1,0,0,-0.8660254037844388,0,-0.4999999999999998,0,-1029.8050847457623,625,1783.6747286724346,1],"mesh":102},{"matrix":[-0.8660254037844388,0,0.49999999999999994,0,0,1,0,0,-0.49999999999999994,0,-0.8660254037844388,0,-1783.6747286724346,625,1029.8050847457625,1],"mesh":103},{"matrix":[-1,0,1.2246467991473532e-16,0,0,1,0,0,-1.2246467991473532e-16,0,-1,0,-2059.6101694915255,625,2.5222950015591344e-13,1],"mesh":104},{"matrix":[-0.8660254037844388,0,-0.5000000000000002,0,0,1,0,0,0.5000000000000002,0,-0.8660254037844388,0,-1783.6747286724344,625,-1029.805084745763,1],"mesh":105},{"matrix":[-0.5000000000000002,0,-0.8660254037844384,0,0,1,0,0,0.8660254037844384,0,-0.5000000000000002,0,-1029.8050847457637,625,-1783.674728672434,1],"mesh":106},{"matrix":[-2.220446049250313e-16,0,-1,0,0,1,0,0,1,0,-2.220446049250313e-16,0,-3.7834425023387013e-13,625,-2059.6101694915255,1],"mesh":107},{"matrix":[0.5000000000000001,0,-0.8660254037844386,0,0,1,0,0,0.8660254037844386,0,0.5000000000000001,0,1029.805084745763,625,-1783.6747286724344,1],"mesh":108},{"matrix":[0.8660254037844384,0,-0.5000000000000004,0,0,1,0,0,0.5000000000000004,0,0.8660254037844384,0,1783.674728672434,625,-1029.8050847457637,1],"mesh":109},{"matrix":[1,0,0,0,0,1,0,0,0,0,1,0,0,625,0,1],"mesh":110},{"matrix":[1,0,0,0,0,1,0,0,0,0,1,0,0,625,0,1],"mesh":111},{"matrix":[1,0,0,0,0,1,0,0,0,0,1,0,2021.983050847458,708.3333333333333,0,1],"mesh":112},{"matrix":[0.8660254037844387,0,0.49999999999999994,0,0,1,0,0,-0.49999999999999994,0,0.8660254037844387,0,1751.088688055461,708.3333333333333,1010.9915254237288,1],"mesh":113},{"matrix":[0.5000000000000001,0,0.8660254037844386,0,0,1,0,0,-0.8660254037844386,0,0.5000000000000001,0,1010.9915254237292,708.3333333333333,1751.0886880554608,1],"mesh":114},{"matrix":[2.220446049250313e-16,0,1,0,0,1,0,0,-1,0,2.220446049250313e-16,0,1.2381075355752697e-13,708.3333333333333,2021.983050847458,1],"mesh":115},{"matrix":[-0.4999999999999998,0,0.8660254037844388,0,0,1,0,0,-0.8660254037844388,0,-0.4999999999999998,0,-1010.9915254237285,708.3333333333333,1751.088688055461,1],"mesh":116},{"matrix":[-0.8660254037844388,0,0.49999999999999994,0,0,1,0,0,-0.49999999999999994,0,-0.8660254037844388,0,-1751.088688055461,708.3333333333333,1010.9915254237288,1],"mesh":117},{"matrix":[-1,0,1.2246467991473532e-16,0,0,1,0,0,-1.2246467991473532e-16,0,-1,0,-2021.983050847458,708.3333333333333,2.4762150711505393e-13,1],"mesh":118},{"matrix":[-0.8660254037844388,0,-0.5000000000000002,0,0,1,0,0,0.5000000000000002,0,-0.8660254037844388,0,-1751.0886880554608,708.3333333333333,-1010.9915254237292,1],"mesh":119},{"matrix":[-0.5000000000000002,0,-0.8660254037844384,0,0,1,0,0,0.8660254037844384,0,-0.5000000000000002,0,-1010.9915254237299,708.3333333333333,-1751.0886880554604,1],"mesh":120},{"matrix":[-2.220446049250313e-16,0,-1,0,0,1,0,0,1,0,-2.220446049250313e-16,0,-3.714322606725809e-13,708.3333333333333,-2021.983050847458,1],"mesh":121},{"matrix":[0.5000000000000001,0,-0.8660254037844386,0,0,1,0,0,0.8660254037844386,0,0.5000000000000001,0,1010.9915254237292,708.3333333333333,-1751.0886880554608,1],"mesh":122},{"matrix":[0.8660254037844384,0,-0.5000000000000004,0,0,1,0,0,0.5000000000000004,0,0.8660254037844384,0,1751.0886880554604,708.3333333333333,-1010.9915254237299,1],"mesh":123},{"matrix":[1,0,0,0,0,1,0,0,0,0,1,0,0,708.3333333333333,0,1],"mesh":124},{"matrix":[1,0,0,0,0,1,0,0,0,0,1,0,0,708.3333333333333,0,1],"mesh":125},{"matrix":[1,0,0,0,0,1,0,0,0,0,1,0,1984.3559322033898,791.6666666666666,0,1],"mesh":126},{"matrix":[0.8660254037844387,0,0.49999999999999994,0,0,1,0,0,-0.49999999999999994,0,0.8660254037844387,0,1718.502647438487,791.6666666666666,992.1779661016948,1],"mesh":127},{"matrix":[0.5000000000000001,0,0.8660254037844386,0,0,1,0,0,-0.8660254037844386,0,0.5000000000000001,0,992.1779661016951,791.6666666666666,1718.5026474384867,1],"mesh":128},{"matrix":[2.220446049250313e-16,0,1,0,0,1,0,0,-1,0,2.220446049250313e-16,0,1.215067570370972e-13,791.6666666666666,1984.3559322033898,1],"mesh":129},{"matrix":[-0.4999999999999998,0,0.8660254037844388,0,0,1,0,0,-0.8660254037844388,0,-0.4999999999999998,0,-992.1779661016944,791.6666666666666,1718.502647438487,1],"mesh":130},{"matrix":[-0.8660254037844388,0,0.49999999999999994,0,0,1,0,0,-0.49999999999999994,0,-0.8660254037844388,0,-1718.502647438487,791.6666666666666,992.1779661016948,1],"mesh":131},{"matrix":[-1,0,1.2246467991473532e-16,0,0,1,0,0,-1.2246467991473532e-16,0,-1,0,-1984.3559322033898,791.6666666666666,2.430135140741944e-13,1],"mesh":132},{"matrix":[-0.8660254037844388,0,-0.5000000000000002,0,0,1,0,0,0.5000000000000002,0,-0.8660254037844388,0,-1718.5026474384867,791.6666666666666,-992.1779661016951,1],"mesh":133},{"matrix":[-0.5000000000000002,0,-0.8660254037844384,0,0,1,0,0,0.8660254037844384,0,-0.5000000000000002,0,-992.1779661016958,791.6666666666666,-1718.5026474384863,1],"mesh":134},{"matrix":[-2.220446049250313e-16,0,-1,0,0,1,0,0,1,0,-2.220446049250313e-16,0,-3.645202711112915e-13,791.6666666666666,-1984.3559322033898,1],"mesh":135},{"matrix":[0.5000000000000001,0,-0.8660254037844386,0,0,1,0,0,0.8660254037844386,0,0.5000000000000001,0,992.1779661016951,791.6666666666666,-1718.5026474384867,1],"mesh":136},{"matrix":[0.8660254037844384,0,-0.5000000000000004,0,0,1,0,0,0.5000000000000004,0,0.8660254037844384,0,1718.5026474384863,791.6666666666666,-992.1779661016958,1],"mesh":137},{"matrix":[1,0,0,0,0,1,0,0,0,0,1,0,0,791.6666666666666,0,1],"mesh":138},{"matrix":[1,0,0,0,0,1,0,0,0,0,1,0,0,791.6666666666666,0,1],"mesh":139},{"matrix":[1,0,0,0,0,1,0,0,0,0,1,0,1946.7288135593221,875,0,1],"mesh":140},{"matrix":[0.8660254037844387,0,0.49999999999999994,0,0,1,0,0,-0.49999999999999994,0,0.8660254037844387,0,1685.9166068215131,875,973.364406779661,1],"mesh":141},{"matrix":[0.5000000000000001,0,0.8660254037844386,0,0,1,0,0,-0.8660254037844386,0,0.5000000000000001,0,973.3644067796613,875,1685.9166068215131,1],"mesh":142},{"matrix":[2.220446049250313e-16,0,1,0,0,1,0,0,-1,0,2.220446049250313e-16,0,1.192027605166674e-13,875,1946.7288135593221,1],"mesh":143},{"matrix":[-0.4999999999999998,0,0.8660254037844388,0,0,1,0,0,-0.8660254037844388,0,-0.4999999999999998,0,-973.3644067796606,875,1685.9166068215131,1],"mesh":144},{"matrix":[-0.8660254037844388,0,0.49999999999999994,0,0,1,0,0,-0.49999999999999994,0,-0.8660254037844388,0,-1685.9166068215131,875,973.364406779661,1],"mesh":145},{"matrix":[-1,0,1.2246467991473532e-16,0,0,1,0,0,-1.2246467991473532e-16,0,-1,0,-1946.7288135593221,875,2.384055210333348e-13,1],"mesh":146},{"matrix":[-0.8660254037844388,0,-0.5000000000000002,0,0,1,0,0,0.5000000000000002,0,-0.8660254037844388,0,-1685.9166068215131,875,-973.3644067796613,1],"mesh":147},{"matrix":[-0.5000000000000002,0,-0.8660254037844384,0,0,1,0,0,0.8660254037844384,0,-0.5000000000000002,0,-973.364406779662,875,-1685.9166068215127,1],"mesh":148},{"matrix":[-2.220446049250313e-16,0,-1,0,0,1,0,0,1,0,-2.220446049250313e-16,0,-3.5760828155000226e-13,875,-1946.7288135593221,1],"mesh":149},{"matrix":[0.5000000000000001,0,-0.8660254037844386,0,0,1,0,0,0.8660254037844386,0,0.5000000000000001,0,973.3644067796613,875,-1685.9166068215131,1],"mesh":150},{"matrix":[0.8660254037844384,0,-0.5000000000000004,0,0,1,0,0,0.5000000000000004,0,0.8660254037844384,0,1685.9166068215127,875,-973.364406779662,1],"mesh":151},{"matrix":[1,0,0,0,0,1,0,0,0,0,1,0,0,875,0,1],"mesh":152},{"matrix":[1,0,0,0,0,1,0,0,0,0,1,0,0,875,0,1],"mesh":153},{"matrix":[1,0,0,0,0,1,0,0,0,0,1,0,1909.1016949152543,958.3333333333333,0,1],"mesh":154},{"matrix":[0.8660254037844387,0,0.49999999999999994,0,0,1,0,0,-0.49999999999999994,0,0.8660254037844387,0,1653.3305662045393,958.3333333333333,954.550847457627,1],"mesh":155},{"matrix":[0.5000000000000001,0,0.8660254037844386,0,0,1,0,0,-0.8660254037844386,0,0.5000000000000001,0,954.5508474576274,958.3333333333333,1653.330566204539,1],"mesh":156},{"matrix":[2.220446049250313e-16,0,1,0,0,1,0,0,-1,0,2.220446049250313e-16,0,1.1689876399623766e-13,958.3333333333333,1909.1016949152543,1],"mesh":157},{"matrix":[-0.4999999999999998,0,0.8660254037844388,0,0,1,0,0,-0.8660254037844388,0,-0.4999999999999998,0,-954.5508474576267,958.3333333333333,1653.3305662045393,1],"mesh":158},{"matrix":[-0.8660254037844388,0,0.49999999999999994,0,0,1,0,0,-0.49999999999999994,0,-0.8660254037844388,0,-1653.3305662045393,958.3333333333333,954.550847457627,1],"mesh":159},{"matrix":[-1,0,1.2246467991473532e-16,0,0,1,0,0,-1.2246467991473532e-16,0,-1,0,-1909.1016949152543,958.3333333333333,2.337975279924753e-13,1],"mesh":160},{"matrix":[-0.8660254037844388,0,-0.5000000000000002,0,0,1,0,0,0.5000000000000002,0,-0.8660254037844388,0,-1653.330566204539,958.3333333333333,-954.5508474576274,1],"mesh":161},{"matrix":[-0.5000000000000002,0,-0.8660254037844384,0,0,1,0,0,0.8660254037844384,0,-0.5000000000000002,0,-954.5508474576279,958.3333333333333,-1653.3305662045389,1],"mesh":162},{"matrix":[-2.220446049250313e-16,0,-1,0,0,1,0,0,1,0,-2.220446049250313e-16,0,-3.506962919887129e-13,958.3333333333333,-1909.1016949152543,1],"mesh":163},{"matrix":[0.5000000000000001,0,-0.8660254037844386,0,0,1,0,0,0.8660254037844386,0,0.5000000000000001,0,954.5508474576274,958.3333333333333,-1653.330566204539,1],"mesh":164},{"matrix":[0.8660254037844384,0,-0.5000000000000004,0,0,1,0,0,0.5000000000000004,0,0.8660254037844384,0,1653.3305662045389,958.3333333333333,-954.5508474576279,1],"mesh":165},{"matrix":[1,0,0,0,0,1,0,0,0,0,1,0,0,958.3333333333333,0,1],"mesh":166},{"matrix":[1,0,0,0,0,1,0,0,0,0,1,0,0,958.3333333333333,0,1],"mesh":167},{"matrix":[1,0,0,0,0,1,0,0,0,0,1,0,1871.4745762711864,1041.6666666666665,0,1],"mesh":168},{"matrix":[0.8660254037844387,0,0.49999999999999994,0,0,1,0,0,-0.49999999999999994,0,0.8660254037844387,0,1620.7445255875655,1041.6666666666665,935.7372881355931,1],"mesh":169},{"matrix":[0.5000000000000001,0,0.8660254037844386,0,0,1,0,0,-0.8660254037844386,0,0.5000000000000001,0,935.7372881355934,1041.6666666666665,1620.7445255875652,1],"mesh":170},{"matrix":[2.220446049250313e-16,0,1,0,0,1,0,0,-1,0,2.220446049250313e-16,0,1.1459476747580788e-13,1041.6666666666665,1871.4745762711864,1],"mesh":171},{"matrix":[-0.4999999999999998,0,0.8660254037844388,0,0,1,0,0,-0.8660254037844388,0,-0.4999999999999998,0,-935.7372881355927,1041.6666666666665,1620.7445255875655,1],"mesh":172},{"matrix":[-0.8660254037844388,0,0.49999999999999994,0,0,1,0,0,-0.49999999999999994,0,-0.8660254037844388,0,-1620.7445255875655,1041.6666666666665,935.7372881355931,1],"mesh":173},{"matrix":[-1,0,1.2246467991473532e-16,0,0,1,0,0,-1.2246467991473532e-16,0,-1,0,-1871.4745762711864,1041.6666666666665,2.2918953495161576e-13,1],"mesh":174},{"matrix":[-0.8660254037844388,0,-0.5000000000000002,0,0,1,0,0,0.5000000000000002,0,-0.8660254037844388,0,-1620.7445255875652,1041.6666666666665,-935.7372881355934,1],"mesh":175},{"matrix":[-0.5000000000000002,0,-0.8660254037844384,0,0,1,0,0,0.8660254037844384,0,-0.5000000000000002,0,-935.737288135594,1041.6666666666665,-1620.7445255875648,1],"mesh":176},{"matrix":[-2.220446049250313e-16,0,-1,0,0,1,0,0,1,0,-2.220446049250313e-16,0,-3.437843024274236e-13,1041.6666666666665,-1871.4745762711864,1],"mesh":177},{"matrix":[0.5000000000000001,0,-0.8660254037844386,0,0,1,0,0,0.8660254037844386,0,0.5000000000000001,0,935.7372881355934,1041.6666666666665,-1620.7445255875652,1],"mesh":178},{"matrix":[0.8660254037844384,0,-0.5000000000000004,0,0,1,0,0,0.5000000000000004,0,0.8660254037844384,0,1620.7445255875648,1041.6666666666665,-935.737288135594,1],"mesh":179},{"matrix":[1,0,0,0,0,1,0,0,0,0,1,0,0,1041.6666666666665,0,1],"mesh":180},{"matrix":[1,0,0,0,0,1,0,0,0,0,1,0,0,1041.6666666666665,0,1],"mesh":181},{"matrix":[1,0,0,0,0,1,0,0,0,0,1,0,1833.8474576271187,1125,0,1],"mesh":182},{"matrix":[0.8660254037844387,0,0.49999999999999994,0,0,1,0,0,-0.49999999999999994,0,0.8660254037844387,0,1588.1584849705919,1125,916.9237288135593,1],"mesh":183},{"matrix":[0.5000000000000001,0,0.8660254037844386,0,0,1,0,0,-0.8660254037844386,0,0.5000000000000001,0,916.9237288135596,1125,1588.1584849705916,1],"mesh":184},{"matrix":[2.220446049250313e-16,0,1,0,0,1,0,0,-1,0,2.220446049250313e-16,0,1.1229077095537811e-13,1125,1833.8474576271187,1],"mesh":185},{"matrix":[-0.4999999999999998,0,0.8660254037844388,0,0,1,0,0,-0.8660254037844388,0,-0.4999999999999998,0,-916.9237288135589,1125,1588.1584849705919,1],"mesh":186},{"matrix":[-0.8660254037844388,0,0.49999999999999994,0,0,1,0,0,-0.49999999999999994,0,-0.8660254037844388,0,-1588.1584849705919,1125,916.9237288135593,1],"mesh":187},{"matrix":[-1,0,1.2246467991473532e-16,0,0,1,0,0,-1.2246467991473532e-16,0,-1,0,-1833.8474576271187,1125,2.2458154191075623e-13,1],"mesh":188},{"matrix":[-0.8660254037844388,0,-0.5000000000000002,0,0,1,0,0,0.5000000000000002,0,-0.8660254037844388,0,-1588.1584849705916,1125,-916.9237288135596,1],"mesh":189},{"matrix":[-0.5000000000000002,0,-0.8660254037844384,0,0,1,0,0,0.8660254037844384,0,-0.5000000000000002,0,-916.9237288135602,1125,-1588.1584849705912,1],"mesh":190},{"matrix":[-2.220446049250313e-16,0,-1,0,0,1,0,0,1,0,-2.220446049250313e-16,0,-3.3687231286613433e-13,1125,-1833.8474576271187,1],"mesh":191},{"matrix":[0.5000000000000001,0,-0.8660254037844386,0,0,1,0,0,0.8660254037844386,0,0.5000000000000001,0,916.9237288135596,1125,-1588.1584849705916,1],"mesh":192},{"matrix":[0.8660254037844384,0,-0.5000000000000004,0,0,1,0,0,0.5000000000000004,0,0.8660254037844384,0,1588.1584849705912,1125,-916.9237288135602,1],"mesh":193},{"matrix":[1,0,0,0,0,1,0,0,0,0,1,0,0,1125,0,1],"mesh":194},{"matrix":[1,0,0,0,0,1,0,0,0,0,1,0,0,1125,0,1],"mesh":195},{"matrix":[1,0,0,0,0,1,0,0,0,0,1,0,1796.2203389830506,1208.3333333333333,0,1],"mesh":196},{"matrix":[0.8660254037844387,0,0.49999999999999994,0,0,1,0,0,-0.49999999999999994,0,0.8660254037844387,0,1555.5724443536178,1208.3333333333333,898.1101694915252,1],"mesh":197},{"matrix":[0.5000000000000001,0,0.8660254037844386,0,0,1,0,0,-0.8660254037844386,0,0.5000000000000001,0,898.1101694915255,1208.3333333333333,1555.5724443536176,1],"mesh":198},{"matrix":[2.220446049250313e-16,0,1,0,0,1,0,0,-1,0,2.220446049250313e-16,0,1.0998677443494834e-13,1208.3333333333333,1796.2203389830506,1],"mesh":199},{"matrix":[-0.4999999999999998,0,0.8660254037844388,0,0,1,0,0,-0.8660254037844388,0,-0.4999999999999998,0,-898.1101694915249,1208.3333333333333,1555.5724443536178,1],"mesh":200},{"matrix":[-0.8660254037844388,0,0.49999999999999994,0,0,1,0,0,-0.49999999999999994,0,-0.8660254037844388,0,-1555.5724443536178,1208.3333333333333,898.1101694915252,1],"mesh":201},{"matrix":[-1,0,1.2246467991473532e-16,0,0,1,0,0,-1.2246467991473532e-16,0,-1,0,-1796.2203389830506,1208.3333333333333,2.1997354886989667e-13,1],"mesh":202},{"matrix":[-0.8660254037844388,0,-0.5000000000000002,0,0,1,0,0,0.5000000000000002,0,-0.8660254037844388,0,-1555.5724443536176,1208.3333333333333,-898.1101694915255,1],"mesh":203},{"matrix":[-0.5000000000000002,0,-0.8660254037844384,0,0,1,0,0,0.8660254037844384,0,-0.5000000000000002,0,-898.1101694915261,1208.3333333333333,-1555.5724443536171,1],"mesh":204},{"matrix":[-2.220446049250313e-16,0,-1,0,0,1,0,0,1,0,-2.220446049250313e-16,0,-3.2996032330484497e-13,1208.3333333333333,-1796.2203389830506,1],"mesh":205},{"matrix":[0.5000000000000001,0,-0.8660254037844386,0,0,1,0,0,0.8660254037844386,0,0.5000000000000001,0,898.1101694915255,1208.3333333333333,-1555.5724443536176,1],"mesh":206},{"matrix":[0.8660254037844384,0,-0.5000000000000004,0,0,1,0,0,0.5000000000000004,0,0.8660254037844384,0,1555.5724443536171,1208.3333333333333,-898.1101694915261,1],"mesh":207},{"matrix":[1,0,0,0,0,1,0,0,0,0,1,0,0,1208.3333333333333,0,1],"mesh":208},{"matrix":[1,0,0,0,0,1,0,0,0,0,1,0,0,1208.3333333333333,0,1],"mesh":209},{"matrix":[1,0,0,0,0,1,0,0,0,0,1,0,1758.5932203389832,1291.6666666666665,0,1],"mesh":210},{"matrix":[0.8660254037844387,0,0.49999999999999994,0,0,1,0,0,-0.49999999999999994,0,0.8660254037844387,0,1522.9864037366442,1291.6666666666665,879.2966101694915,1],"mesh":211},{"matrix":[0.5000000000000001,0,0.8660254037844386,0,0,1,0,0,-0.8660254037844386,0,0.5000000000000001,0,879.2966101694918,1291.6666666666665,1522.9864037366442,1],"mesh":212},{"matrix":[2.220446049250313e-16,0,1,0,0,1,0,0,-1,0,2.220446049250313e-16,0,1.076827779145186e-13,1291.6666666666665,1758.5932203389832,1],"mesh":213},{"matrix":[-0.4999999999999998,0,0.8660254037844388,0,0,1,0,0,-0.8660254037844388,0,-0.4999999999999998,0,-879.2966101694913,1291.6666666666665,1522.9864037366442,1],"mesh":214},{"matrix":[-0.8660254037844388,0,0.49999999999999994,0,0,1,0,0,-0.49999999999999994,0,-0.8660254037844388,0,-1522.9864037366442,1291.6666666666665,879.2966101694915,1],"mesh":215},{"matrix":[-1,0,1.2246467991473532e-16,0,0,1,0,0,-1.2246467991473532e-16,0,-1,0,-1758.5932203389832,1291.6666666666665,2.153655558290372e-13,1],"mesh":216},{"matrix":[-0.8660254037844388,0,-0.5000000000000002,0,0,1,0,0,0.5000000000000002,0,-0.8660254037844388,0,-1522.9864037366442,1291.6666666666665,-879.2966101694918,1],"mesh":217},{"matrix":[-0.5000000000000002,0,-0.8660254037844384,0,0,1,0,0,0.8660254037844384,0,-0.5000000000000002,0,-879.2966101694924,1291.6666666666665,-1522.9864037366438,1],"mesh":218},{"matrix":[-2.220446049250313e-16,0,-1,0,0,1,0,0,1,0,-2.220446049250313e-16,0,-3.2304833374355577e-13,1291.6666666666665,-1758.5932203389832,1],"mesh":219},{"matrix":[0.5000000000000001,0,-0.8660254037844386,0,0,1,0,0,0.8660254037844386,0,0.5000000000000001,0,879.2966101694918,1291.6666666666665,-1522.9864037366442,1],"mesh":220},{"matrix":[0.8660254037844384,0,-0.5000000000000004,0,0,1,0,0,0.5000000000000004,0,0.8660254037844384,0,1522.9864037366438,1291.6666666666665,-879.2966101694924,1],"mesh":221},{"matrix":[1,0,0,0,0,1,0,0,0,0,1,0,0,1291.6666666666665,0,1],"mesh":222},{"matrix":[1,0,0,0,0,1,0,0,0,0,1,0,0,1291.6666666666665,0,1],"mesh":223},{"matrix":[1,0,0,0,0,1,0,0,0,0,1,0,1720.9661016949153,1375,0,1],"mesh":224},{"matrix":[0.8660254037844387,0,0.49999999999999994,0,0,1,0,0,-0.49999999999999994,0,0.8660254037844387,0,1490.4003631196704,1375,860.4830508474575,1],"mesh":225},{"matrix":[0.5000000000000001,0,0.8660254037844386,0,0,1,0,0,-0.8660254037844386,0,0.5000000000000001,0,860.4830508474579,1375,1490.4003631196701,1],"mesh":226},{"matrix":[2.220446049250313e-16,0,1,0,0,1,0,0,-1,0,2.220446049250313e-16,0,1.0537878139408882e-13,1375,1720.9661016949153,1],"mesh":227},{"matrix":[-0.4999999999999998,0,0.8660254037844388,0,0,1,0,0,-0.8660254037844388,0,-0.4999999999999998,0,-860.4830508474573,1375,1490.4003631196704,1],"mesh":228},{"matrix":[-0.8660254037844388,0,0.49999999999999994,0,0,1,0,0,-0.49999999999999994,0,-0.8660254037844388,0,-1490.4003631196704,1375,860.4830508474575,1],"mesh":229},{"matrix":[-1,0,1.2246467991473532e-16,0,0,1,0,0,-1.2246467991473532e-16,0,-1,0,-1720.9661016949153,1375,2.1075756278817764e-13,1],"mesh":230},{"matrix":[-0.8660254037844388,0,-0.5000000000000002,0,0,1,0,0,0.5000000000000002,0,-0.8660254037844388,0,-1490.4003631196701,1375,-860.4830508474579,1],"mesh":231},{"matrix":[-0.5000000000000002,0,-0.8660254037844384,0,0,1,0,0,0.8660254037844384,0,-0.5000000000000002,0,-860.4830508474585,1375,-1490.40036311967,1],"mesh":232},{"matrix":[-2.220446049250313e-16,0,-1,0,0,1,0,0,1,0,-2.220446049250313e-16,0,-3.1613634418226646e-13,1375,-1720.9661016949153,1],"mesh":233},{"matrix":[0.5000000000000001,0,-0.8660254037844386,0,0,1,0,0,0.8660254037844386,0,0.5000000000000001,0,860.4830508474579,1375,-1490.4003631196701,1],"mesh":234},{"matrix":[0.8660254037844384,0,-0.5000000000000004,0,0,1,0,0,0.5000000000000004,0,0.8660254037844384,0,1490.40036311967,1375,-860.4830508474585,1],"mesh":235},{"matrix":[1,0,0,0,0,1,0,0,0,0,1,0,0,1375,0,1],"mesh":236},{"matrix":[1,0,0,0,0,1,0,0,0,0,1,0,0,1375,0,1],"mesh":237},{"matrix":[1,0,0,0,0,1,0,0,0,0,1,0,1683.3389830508474,1458.3333333333333,0,1],"mesh":238},{"matrix":[0.8660254037844387,0,0.49999999999999994,0,0,1,0,0,-0.49999999999999994,0,0.8660254037844387,0,1457.8143225026965,1458.3333333333333,841.6694915254236,1],"mesh":239},{"matrix":[0.5000000000000001,0,0.8660254037844386,0,0,1,0,0,-0.8660254037844386,0,0.5000000000000001,0,841.669491525424,1458.3333333333333,1457.8143225026963,1],"mesh":240},{"matrix":[2.220446049250313e-16,0,1,0,0,1,0,0,-1,0,2.220446049250313e-16,0,1.0307478487365905e-13,1458.3333333333333,1683.3389830508474,1],"mesh":241},{"matrix":[-0.4999999999999998,0,0.8660254037844388,0,0,1,0,0,-0.8660254037844388,0,-0.4999999999999998,0,-841.6694915254234,1458.3333333333333,1457.8143225026965,1],"mesh":242},{"matrix":[-0.8660254037844388,0,0.49999999999999994,0,0,1,0,0,-0.49999999999999994,0,-0.8660254037844388,0,-1457.8143225026965,1458.3333333333333,841.6694915254236,1],"mesh":243},{"matrix":[-1,0,1.2246467991473532e-16,0,0,1,0,0,-1.2246467991473532e-16,0,-1,0,-1683.3389830508474,1458.3333333333333,2.061495697473181e-13,1],"mesh":244},{"matrix":[-0.8660254037844388,0,-0.5000000000000002,0,0,1,0,0,0.5000000000000002,0,-0.8660254037844388,0,-1457.8143225026963,1458.3333333333333,-841.669491525424,1],"mesh":245},{"matrix":[-0.5000000000000002,0,-0.8660254037844384,0,0,1,0,0,0.8660254037844384,0,-0.5000000000000002,0,-841.6694915254245,1458.3333333333333,-1457.814322502696,1],"mesh":246},{"matrix":[-2.220446049250313e-16,0,-1,0,0,1,0,0,1,0,-2.220446049250313e-16,0,-3.0922435462097715e-13,1458.3333333333333,-1683.3389830508474,1],"mesh":247},{"matrix":[0.5000000000000001,0,-0.8660254037844386,0,0,1,0,0,0.8660254037844386,0,0.5000000000000001,0,841.669491525424,1458.3333333333333,-1457.8143225026963,1],"mesh":248},{"matrix":[0.8660254037844384,0,-0.5000000000000004,0,0,1,0,0,0.5000000000000004,0,0.8660254037844384,0,1457.814322502696,1458.3333333333333,-841.6694915254245,1],"mesh":249},{"matrix":[1,0,0,0,0,1,0,0,0,0,1,0,0,1458.3333333333333,0,1],"mesh":250},{"matrix":[1,0,0,0,0,1,0,0,0,0,1,0,0,1458.3333333333333,0,1],"mesh":251},{"matrix":[1,0,0,0,0,1,0,0,0,0,1,0,1645.7118644067793,1541.6666666666665,0,1],"mesh":252},{"matrix":[0.8660254037844387,0,0.49999999999999994,0,0,1,0,0,-0.49999999999999994,0,0.8660254037844387,0,1425.2282818857225,1541.6666666666665,822.8559322033896,1],"mesh":253},{"matrix":[0.5000000000000001,0,0.8660254037844386,0,0,1,0,0,-0.8660254037844386,0,0.5000000000000001,0,822.8559322033899,1541.6666666666665,1425.2282818857223,1],"mesh":254},{"matrix":[2.220446049250313e-16,0,1,0,0,1,0,0,-1,0,2.220446049250313e-16,0,1.0077078835322926e-13,1541.6666666666665,1645.7118644067793,1],"mesh":255},{"matrix":[-0.4999999999999998,0,0.8660254037844388,0,0,1,0,0,-0.8660254037844388,0,-0.4999999999999998,0,-822.8559322033893,1541.6666666666665,1425.2282818857225,1],"mesh":256},{"matrix":[-0.8660254037844388,0,0.49999999999999994,0,0,1,0,0,-0.49999999999999994,0,-0.8660254037844388,0,-1425.2282818857225,1541.6666666666665,822.8559322033896,1],"mesh":257},{"matrix":[-1,0,1.2246467991473532e-16,0,0,1,0,0,-1.2246467991473532e-16,0,-1,0,-1645.7118644067793,1541.6666666666665,2.0154157670645853e-13,1],"mesh":258},{"matrix":[-0.8660254037844388,0,-0.5000000000000002,0,0,1,0,0,0.5000000000000002,0,-0.8660254037844388,0,-1425.2282818857223,1541.6666666666665,-822.8559322033899,1],"mesh":259},{"matrix":[-0.5000000000000002,0,-0.8660254037844384,0,0,1,0,0,0.8660254037844384,0,-0.5000000000000002,0,-822.8559322033904,1541.6666666666665,-1425.228281885722,1],"mesh":260},{"matrix":[-2.220446049250313e-16,0,-1,0,0,1,0,0,1,0,-2.220446049250313e-16,0,-3.023123650596878e-13,1541.6666666666665,-1645.7118644067793,1],"mesh":261},{"matrix":[0.5000000000000001,0,-0.8660254037844386,0,0,1,0,0,0.8660254037844386,0,0.5000000000000001,0,822.8559322033899,1541.6666666666665,-1425.2282818857223,1],"mesh":262},{"matrix":[0.8660254037844384,0,-0.5000000000000004,0,0,1,0,0,0.5000000000000004,0,0.8660254037844384,0,1425.228281885722,1541.6666666666665,-822.8559322033904,1],"mesh":263},{"matrix":[1,0,0,0,0,1,0,0,0,0,1,0,0,1541.6666666666665,0,1],"mesh":264},{"matrix":[1,0,0,0,0,1,0,0,0,0,1,0,0,1541.6666666666665,0,1],"mesh":265},{"matrix":[1,0,0,0,0,1,0,0,0,0,1,0,1608.084745762712,1625,0,1],"mesh":266},{"matrix":[0.8660254037844387,0,0.49999999999999994,0,0,1,0,0,-0.49999999999999994,0,0.8660254037844387,0,1392.642241268749,1625,804.0423728813558,1],"mesh":267},{"matrix":[0.5000000000000001,0,0.8660254037844386,0,0,1,0,0,-0.8660254037844386,0,0.5000000000000001,0,804.0423728813562,1625,1392.6422412687489,1],"mesh":268},{"matrix":[2.220446049250313e-16,0,1,0,0,1,0,0,-1,0,2.220446049250313e-16,0,9.846679183279952e-14,1625,1608.084745762712,1],"mesh":269},{"matrix":[-0.4999999999999998,0,0.8660254037844388,0,0,1,0,0,-0.8660254037844388,0,-0.4999999999999998,0,-804.0423728813556,1625,1392.642241268749,1],"mesh":270},{"matrix":[-0.8660254037844388,0,0.49999999999999994,0,0,1,0,0,-0.49999999999999994,0,-0.8660254037844388,0,-1392.642241268749,1625,804.0423728813558,1],"mesh":271},{"matrix":[-1,0,1.2246467991473532e-16,0,0,1,0,0,-1.2246467991473532e-16,0,-1,0,-1608.084745762712,1625,1.9693358366559905e-13,1],"mesh":272},{"matrix":[-0.8660254037844388,0,-0.5000000000000002,0,0,1,