{"asset":{"version":"2.0","generator":"THREE.GLTFExporter"},"scenes":[{"name":"AuxScene","nodes":[374]}],"scene":0,"nodes":[{"matrix":[0.9996832216790787,-0.025161168559204326,0.0006098279045052592,0,0.025168557633241634,0.9993897311482952,-0.024222076335452685,0,0,0.024229751795542816,0.9997064164683181,0,0,85.71428571428571,0,1],"mesh":0},{"matrix":[0.9997664632226385,-0.021592767623422188,0.0008782947441396099,0,0.02161062274199179,0.9989404366450672,-0.04063231497300938,0,-5.421010862427522e-20,0.04064180632948571,0.9991737804697822,0,-0.7334836795973275,257.1428571428571,-0.7061241951843906,1],"mesh":1},{"matrix":[-0.4788169799824311,0,-0.877914745109401,0,0,1,0,0,0.877914745109401,0,-0.4788169799824311,0,-23.110890428424547,270.85714285714283,33.539352426201646,1],"mesh":2},{"matrix":[0.9996730780843124,-0.02551676680154682,0.00162221004551015,0,0.025568280220544286,0.9976589974465986,-0.06342545120384725,0,0,0.06344619315485651,0.9979852606998545,0,-1.363278970935374,428.57142857142856,-1.89054255107226,1],"mesh":3},{"matrix":[0.9997279130954759,-0.023251815517290338,0.0018581853821291261,0,0.023325946449489723,0.9965507317406276,-0.07964006083282033,0,0,0.079661735747909,0.9968219539404368,0,-2.108411708791236,599.9999999999999,-3.7395458944423634,1],"mesh":4},{"matrix":[0.9998610884557588,-0.01658738635659283,0.0016316880591510812,0,0.016667447077019868,0.9950583373986338,-0.09788310059147758,0,0,0.0978966995731914,0.9951965816926203,0,-2.788196433890651,771.4285714285713,-6.061116479095711,1],"mesh":5},{"matrix":[-0.9985199763256092,0,-0.05438618279217945,0,0,1,0,0,0.05438618279217945,0,-0.9985199763256092,0,15.13027295120734,785.1428571428571,-0.09184657137317309,1],"mesh":6},{"matrix":[0.9997750896724507,-0.02108766368333889,0.0022539988513050275,0,0.021207783251516277,0.9941124256107846,-0.10625777701325613,0,2.168404344971009e-19,0.10628168086091107,0.9943360620601968,0,-3.273933462992373,942.8571428571428,-8.914106009514432,1],"mesh":7},{"matrix":[0.9995855342529936,-0.028614652169450177,0.0031561675143780676,0,0.02878818702449731,0.9935600443308185,-0.10958867914700272,0,2.168404344971009e-19,0.10963411873392116,0.9939720116831442,0,-3.8919888606079898,1114.2857142857142,-12.011457851746698,1],"mesh":8},{"matrix":[0.9985594573086481,-0.05346903276227848,0.004480262818680188,0,0.05365640893181408,0.9950723389962428,-0.08337883391537936,0,0,0.08349911795949023,0.9965078510980168,0,-4.730958882464769,1285.7142857142856,-15.206509311992402,1],"mesh":9},{"matrix":[0.4760790528153662,0,-0.8794024877554212,0,0,1,0,0,0.8794024877554212,0,0.4760790528153662,0,-15.908667577330633,1299.428571428571,-16.76944724670199,1],"mesh":10},{"matrix":[0.9990560624320051,-0.04331795817571244,0.0032463236660606517,0,0.0434394304504283,0.9962623422746752,-0.07466164508983354,0,0,0.07473218760925636,0.9972036402536519,0,-6.29465994276335,1457.1428571428569,-17.639912178240404,1],"mesh":11},{"matrix":[0.9977433865351429,-0.06691921999087079,0.005472898792933219,0,0.06714264386650447,0.9944232954355018,-0.08132757754791657,0,4.336808689942018e-19,0.08151151753592907,0.9966723997929259,0,-7.560609058747261,1628.5714285714282,-19.81782164571016,1],"mesh":12},{"matrix":[0.9963665677151723,-0.08487797702155835,0.0070279268788818496,0,0.08516843746064089,0.992968535775471,-0.08221815018856893,0,-4.336808689942018e-19,0.08251797365813696,0.9965895765175126,0,-9.517337537142534,1799.9999999999995,-22.19330015675724,1],"mesh":13},{"matrix":[0.9752327322083177,0,-0.22118118823602412,0,0,1,0,0,0.22118118823602412,0,0.9752327322083177,0,-1.2326939397601482,1813.714285714285,-38.25506089525496,1],"mesh":14},{"matrix":[0.998302351297101,-0.058046006953688827,0.0048037976031336,0,0.05824444518303496,0.9949011453911827,-0.08233647736351848,0,0,0.08247649347568714,0.9965930102223048,0,-11.999389143138353,1971.4285714285709,-24.598109674794372,1],"mesh":15},{"matrix":[0.9994123565735067,-0.03421733817770458,0.0020286192897110496,0,0.03427742009238716,0.9976605733944189,-0.05914760152473885,0,0,0.05918237966111093,0.9982471867917525,0,-13.696798688472516,2142.857142857142,-27.001710341800113,1],"mesh":16},{"matrix":[0.9999397809618495,-0.010956161685252687,0.000630056422021261,0,0.010974263071766105,0.9982904404688282,-0.05740872772135546,0,5.421010862427522e-20,0.05741218502791596,0.9983505601792991,0,-14.695740645450655,2314.2857142857138,-28.726453977638204,1],"mesh":17},{"matrix":[-0.2367888617328986,0,-0.971561132898614,0,0,1,0,0,0.971561132898614,0,-0.2367888617328986,0,-32.357511191183185,2327.9999999999995,-28.028910633116084,1],"mesh":18},{"matrix":[1,0,0,0,0,1,0,0,0,0,1,0,0,40,0,1],"mesh":19},{"matrix":[0.1761289346774303,-0.9700965326866646,-0.16700693290610588,0,0.9700965326866646,0.14227495337783913,0.19664830258775381,0,-0.16700693290610588,-0.19664830258775381,0.9661460187004088,0,757.5914646712798,110,153.5713927045823,1],"mesh":20},{"matrix":[-0.07314441733954302,-0.973307497994061,-0.2175371429448324,0,0.973307497994061,-0.11724137931034506,0.19729919747923327,0,-0.2175371429448324,-0.19729919747923327,0.9559030380291978,0,1940.5318241256584,95,393.36527497422117,1],"mesh":21},{"matrix":[1,0,0,0,0,1,0,0,0,0,1,0,592.436262222666,34.766600896337735,-1.676241156083563,1],"mesh":22},{"matrix":[1,0,0,0,0,1,0,0,0,0,1,0,661.1074872739707,139.39351949494403,306.35024015491024,1],"mesh":23},{"matrix":[1,0,0,0,0,1,0,0,0,0,1,0,898.0094803383004,132.6355470061799,114.30647745057081,1],"mesh":24},{"matrix":[1,0,0,0,0,1,0,0,0,0,1,0,874.3807699281713,210.00442917247943,298.50429557166063,1],"mesh":25},{"matrix":[0.571173761915316,0.6966025303424113,0.43417214146010763,0,-0.6966025303424113,0.13158907310989365,0.7052866300722201,0,0.43417214146010763,-0.7052866300722201,0.5604153111945778,0,-518.6022506588828,100,525.0673343596432,1],"mesh":26},{"matrix":[0.45205874997436046,0.6984775021565971,0.5547720843307631,0,-0.6984775021565971,-0.10962932431881955,0.7071849759649024,0,0.5547720843307631,-0.7071849759649024,0.43831192570682,0,-1314.0734535665458,85,1330.455169718879,1],"mesh":27},{"matrix":[1,0,0,0,0,1,0,0,0,0,1,0,-414.08855335108666,-6.988946559800382,524.8241044434324,1],"mesh":28},{"matrix":[1,0,0,0,0,1,0,0,0,0,1,0,-574.1632620529546,96.48642362191418,363.2932946208889,1],"mesh":29},{"matrix":[1,0,0,0,0,1,0,0,0,0,1,0,-729.5038514266424,137.54675818276706,640.0176638419064,1],"mesh":30},{"matrix":[1,0,0,0,0,1,0,0,0,0,1,0,-616.3258114082104,64.71546356927743,375.1244480528724,1],"mesh":31},{"matrix":[0.8933618293306563,0.3504177110510641,-0.2812686788050105,0,-0.3504177110510641,0.15148798453242307,-0.924261228400303,0,-0.2812686788050105,0.924261228400303,0.25812615520176674,0,-286.4433245588906,120,-755.5224826672268,1],"mesh":32},{"matrix":[0.8587350494979825,0.35177150234170773,-0.37260022128811926,0,-0.35177150234170773,-0.1240347345892081,-0.9278319862753397,0,-0.37260022128811926,0.9278319862753397,0.017230215912809488,0,-740.9239459505957,105,-1954.2598870971588,1],"mesh":33},{"matrix":[1,0,0,0,0,1,0,0,0,0,1,0,-416.1037709781503,9.789087654324618,-646.2047246557506,1],"mesh":34},{"matrix":[1,0,0,0,0,1,0,0,0,0,1,0,-263.31589199360434,53.31490491651202,-595.4635835223427,1],"mesh":35},{"matrix":[1,0,0,0,0,1,0,0,0,0,1,0,-475.79104004199297,90.96469592558007,-944.3516636800889,1],"mesh":36},{"matrix":[1,0,0,0,0,1,0,0,0,0,1,0,-389.4032112637546,84.85142114634522,-833.8031195709807,1],"mesh":37},{"matrix":[-0.0002590825587824863,-0.9981066238624379,-0.06150691244204904,0,0.9981066238624379,-0.004041202955506362,0.061374555644815545,0,-0.06150691244204904,-0.061374555644815545,0.9962178796032761,0,1382.7423828768415,25.66232286632397,85.02618587171699,1],"mesh":38},{"matrix":[0.12085031508704891,-0.9328519145528138,-0.3393854841599897,0,0.9328519145528138,-0.010165493523421665,0.3601166036946573,0,-0.3393854841599897,-0.3601166036946573,0.8689841913895295,0,1314.5932843446196,18.846384250534054,507.4834080443827,1],"mesh":39},{"matrix":[0.4254514784896395,-0.7557896991030203,-0.49776798830453733,0,0.7557896991030203,-0.00579664225985943,0.6547887672129673,0,-0.49776798830453733,-0.6547887672129673,0.5687518792505011,0,902.3608479603975,24.88779113871248,781.7726914225884,1],"mesh":40},{"matrix":[0.81761341140651,-0.4242337141185219,-0.38927376651068224,0,0.4242337141185219,-0.013226544875351909,0.9054561360529092,0,-0.38927376651068224,-0.9054561360529092,0.16916004371813798,0,456.6295825666547,19.890476081905664,974.5997163317027,1],"mesh":41},{"matrix":[0.9992103166882899,-0.02789376397244931,-0.028296306386820142,0,0.02789376397244931,-0.014716333734181797,0.9995025600031615,0,-0.028296306386820142,-0.9995025600031615,-0.013926650422471543,0,24.27954831256296,21.782465925800302,869.9962729338397,1],"mesh":42},{"matrix":[0.919940171934577,0.2804274265240452,0.2739900336035641,0,-0.2804274265240452,-0.017740314372941768,0.9597112793434548,0,0.2739900336035641,-0.9597112793434548,0.06231951369248123,0,-264.4315184925609,18.8074631555494,904.9682267417871,1],"mesh":43},{"matrix":[0.5197236336953106,0.687795377739004,0.5067789093277297,0,-0.687795377739004,-0.015020278264064268,0.7257492057189802,0,0.5067789093277297,-0.7257492057189802,0.4652560880406251,0,-711.3199969160307,19.152839711865035,750.5719571289893,1],"mesh":44},{"matrix":[0.21183532440424901,0.8818546754718037,0.4212577912431611,0,-0.8818546754718037,-0.013318291556693618,0.47133316715305645,0,0.4212577912431611,-0.47133316715305645,0.7748463840390574,0,-950.283646641338,19.80392913846437,507.9070433295435,1],"mesh":45},{"matrix":[-0.001628301714114988,0.9952928396842179,-0.0968994938420923,0,-0.9952928396842179,-0.011002549517202365,-0.09628658877251485,0,-0.0968994938420923,0.09628658877251485,0.9906257521969126,0,-1298.415917498762,19.079553834962827,-125.61131208736181,1],"mesh":46},{"matrix":[0.20850532713766834,0.8867420018105658,-0.4125701767944512,0,-0.8867420018105658,-0.006548742859604939,-0.46221827764807144,0,-0.4125701767944512,0.46221827764807144,0.7849459300027268,0,-1072.011432373571,24.126261978302338,-558.7908059830554,1],"mesh":47},{"matrix":[0.5622915903102552,0.660321342397235,-0.4977990480515988,0,-0.660321342397235,-0.0038476173342256725,-0.7509733155149811,0,-0.4977990480515988,0.7509733155149811,0.4338607923555191,0,-777.530205700752,26.66988544897134,-884.2731545951983,1],"mesh":48},{"matrix":[0.8024627878151985,0.4429211884217003,-0.39984283789880287,0,-0.4429211884217003,-0.006874821290074884,-0.8965341921417933,0,-0.39984283789880287,0.8965341921417933,0.19066239089472659,0,-571.5858504093023,23.273099263204696,-1156.9693932738423,1],"mesh":49},{"matrix":[0.9946206885312748,-0.07306540198048633,0.0734243350599976,0,0.07306540198048633,-0.007576899458622943,-0.9972983694100899,0,0.0734243350599976,0.9972983694100899,-0.0021975879898976647,0,94.30711276713913,22.58439060280865,-1287.2348230091172,1],"mesh":50},{"matrix":[0.8457463139176535,-0.3907829635522701,0.363320585560476,0,0.3907829635522701,-0.00999886303416031,-0.9204285404828175,0,0.363320585560476,0.9204285404828175,0.14425482304818626,0,443.809331869555,21.764166162894064,-1045.3239104183972,1],"mesh":51},{"matrix":[0.5016804261248216,-0.7020063673789128,0.5054738471995168,0,0.7020063673789128,-0.011050406854017591,-0.7120849307967579,0,0.5054738471995168,0.7120849307967579,0.48726916702116085,0,890.941821634837,19.42346408066317,-903.7328931524414,1],"mesh":52},{"matrix":[0.14150097248661697,-0.9201622232014084,0.3650739072823237,0,0.9201622232014084,-0.013745514122018188,-0.3912959798343989,0,0.3650739072823237,0.3912959798343989,0.844753513391365,0,1057.2221205916626,18.496071248882416,-449.5802535125009,1],"mesh":53},{"mesh":54},{"matrix":[1,0,0,0,0,1,0,0,0,0,1,0,0,-143,0,1],"mesh":55},{"matrix":[1,0,0,0,0,1,0,0,0,0,1,0,90.937112367713,-88,-10.887512983759727,1],"mesh":56},{"matrix":[1,0,0,0,0,1,0,0,0,0,1,0,52.68250596227503,-88,100.92611655708457,1],"mesh":57},{"matrix":[1,0,0,0,0,1,0,0,0,0,1,0,-46.94720116468551,-88,83.66836490689087,1],"mesh":58},{"matrix":[1,0,0,0,0,1,0,0,0,0,1,0,-80.63196532734568,-88,3.3331524463232,1],"mesh":59},{"matrix":[1,0,0,0,0,1,0,0,0,0,1,0,-69.11167026287218,-88,-82.4082970921449,1],"mesh":60},{"matrix":[1,0,0,0,0,1,0,0,0,0,1,0,28.231283804366313,-88,-73.86584798511598,1],"mesh":61},{"matrix":[1,0,0,0,0,1,0,0,0,0,1,0,0,187,209,1],"mesh":62},{"matrix":[1,0,0,0,0,1,0,0,0,0,1,0,900,2200,200,1],"children":[54,55,56,57,58,59,60,61,62]},{"matrix":[-0.441153025475137,0.8383435790987201,-0.3202562278833638,0,-0.8383435790987201,-0.5123210761158845,-0.18629857313304893,0,-0.3202562278833638,0.18629857313304893,0.9288319493592525,0,450,1925,100,1],"mesh":63},{"mesh":64},{"matrix":[1,0,0,0,0,1,0,0,0,0,1,0,0,-130,0,1],"mesh":65},{"matrix":[1,0,0,0,0,1,0,0,0,0,1,0,81.46637733034713,-80,-5.432752625320867,1],"mesh":66},{"matrix":[1,0,0,0,0,1,0,0,0,0,1,0,60.67435225767868,-80,87.9628769468491,1],"mesh":67},{"matrix":[1,0,0,0,0,1,0,0,0,0,1,0,-68.4448121960049,-80,83.88697464285482,1],"mesh":68},{"matrix":[1,0,0,0,0,1,0,0,0,0,1,0,-68.69146011581064,-80,11.428768772069267,1],"mesh":69},{"matrix":[1,0,0,0,0,1,0,0,0,0,1,0,-35.031253478234866,-80,-68.55597913654124,1],"mesh":70},{"matrix":[1,0,0,0,0,1,0,0,0,0,1,0,34.83554848265264,-80,-86.76211012810691,1],"mesh":71},{"matrix":[1,0,0,0,0,1,0,0,0,0,1,0,0,170,190,1],"mesh":72},{"matrix":[1,0,0,0,0,1,0,0,0,0,1,0,-820,2050,-320,1],"children":[65,66,67,68,69,70,71,72,73]},{"matrix":[-0.30450053738136407,-0.8050613119882956,-0.5090733804415081,0,0.8050613119882956,-0.5031633199926844,0.3141702680929934,0,-0.5090733804415081,-0.3141702680929934,0.8013372173886798,0,-410,1793.75,-160,1],"mesh":73},{"mesh":74},{"matrix":[1,0,0,0,0,1,0,0,0,0,1,0,0,-120.25,0,1],"mesh":75},{"matrix":[1,0,0,0,0,1,0,0,0,0,1,0,83.88175366458294,-74,8.513681873324709,1],"mesh":76},{"matrix":[1,0,0,0,0,1,0,0,0,0,1,0,66.79297762583752,-74,81.39342750594435,1],"mesh":77},{"matrix":[1,0,0,0,0,1,0,0,0,0,1,0,-32.873589100787676,-74,67.8542098915643,1],"mesh":78},{"matrix":[1,0,0,0,0,1,0,0,0,0,1,0,-71.24369153994022,-74,-12.178697280209372,1],"mesh":79},{"matrix":[1,0,0,0,0,1,0,0,0,0,1,0,-36.327485659758175,-74,-52.957001105472756,1],"mesh":80},{"matrix":[1,0,0,0,0,1,0,0,0,0,1,0,38.26953659266407,-74,-83.94569516987575,1],"mesh":81},{"matrix":[1,0,0,0,0,1,0,0,0,0,1,0,0,157.25,175.75,1],"mesh":82},{"matrix":[1,0,0,0,0,1,0,0,0,0,1,0,520,1900,-760,1],"children":[76,77,78,79,80,81,82,83,84]},{"matrix":[0.5349553810308505,0.5018535906309265,0.6796805969549109,0,-0.5018535906309265,-0.45842395298017324,0.7334783247682772,0,0.6796805969549109,-0.7334783247682772,0.006620665988976371,0,260,1662.5,-380,1],"mesh":83},{"mesh":84},{"matrix":[1,0,0,0,0,1,0,0,0,0,1,0,0,-169,0,1],"mesh":85},{"matrix":[1,0,0,0,0,1,0,0,0,0,1,0,87.20014848905487,-104,15.533531138804047,1],"mesh":86},{"matrix":[1,0,0,0,0,1,0,0,0,0,1,0,63.807196614235835,-104,84.98084036297674,1],"mesh":87},{"matrix":[1,0,0,0,0,1,0,0,0,0,1,0,-64.7850676771115,-104,108.67387267979191,1],"mesh":88},{"matrix":[1,0,0,0,0,1,0,0,0,0,1,0,-97.07072919995309,-104,5.441664515228028,1],"mesh":89},{"matrix":[1,0,0,0,0,1,0,0,0,0,1,0,-42.47617672759988,-104,-124.44504987074686,1],"mesh":90},{"matrix":[1,0,0,0,0,1,0,0,0,0,1,0,40.8151590877897,-104,-114.90625879462756,1],"mesh":91},{"matrix":[1,0,0,0,0,1,0,0,0,0,1,0,0,221,247,1],"mesh":92},{"matrix":[1,0,0,0,0,1,0,0,0,0,1,0,980,1500,880,1],"children":[87,88,89,90,91,92,93,94,95]},{"matrix":[0.29479676697123613,0.715609710634829,-0.6332437194544003,0,-0.715609710634829,-0.27383024641638887,-0.6425883115904588,0,-0.6332437194544003,0.6425883115904588,0.4313729866123751,0,490,1312.5,440,1],"mesh":93},{"mesh":94},{"matrix":[1,0,0,0,0,1,0,0,0,0,1,0,0,-156,0,1],"mesh":95},{"matrix":[1,0,0,0,0,1,0,0,0,0,1,0,83.84452850851291,-96,10.522876092741521,1],"mesh":96},{"matrix":[1,0,0,0,0,1,0,0,0,0,1,0,50.32502538693021,-96,107.11439927814916,1],"mesh":97},{"matrix":[1,0,0,0,0,1,0,0,0,0,1,0,-56.51539572571882,-96,123.07853892372037,1],"mesh":98},{"matrix":[1,0,0,0,0,1,0,0,0,0,1,0,-121.65842895019456,-96,14.078594931028427,1],"mesh":99},{"matrix":[1,0,0,0,0,1,0,0,0,0,1,0,-34.08886779513725,-96,-89.4865608959378,1],"mesh":100},{"matrix":[1,0,0,0,0,1,0,0,0,0,1,0,32.46769899647523,-96,-79.5020255120939,1],"mesh":101},{"matrix":[1,0,0,0,0,1,0,0,0,0,1,0,0,204,228,1],"mesh":102},{"matrix":[1,0,0,0,0,1,0,0,0,0,1,0,-980,1450,920,1],"children":[98,99,100,101,102,103,104,105,106]},{"matrix":[0.3300480526208681,-0.703924499717426,0.6289344812130626,0,0.703924499717426,-0.26038023586486414,-0.6608270813673796,0,0.6289344812130626,0.6608270813673796,0.40957171151426774,0,-490,1268.75,460,1],"mesh":103},{"mesh":104},{"matrix":[1,0,0,0,0,1,0,0,0,0,1,0,0,-136.5,0,1],"mesh":105},{"matrix":[1,0,0,0,0,1,0,0,0,0,1,0,94.46697982080784,-84,0.5160353108048751,1],"mesh":106},{"matrix":[1,0,0,0,0,1,0,0,0,0,1,0,69.809781859935,-84,92.32959175854354,1],"mesh":107},{"matrix":[1,0,0,0,0,1,0,0,0,0,1,0,-73.34321573292996,-84,93.78237729015977,1],"mesh":108},{"matrix":[1,0,0,0,0,1,0,0,0,0,1,0,-104.4475044001364,-84,7.920620045152096,1],"mesh":109},{"matrix":[1,0,0,0,0,1,0,0,0,0,1,0,-49.929770732995145,-84,-56.68797699832659,1],"mesh":110},{"matrix":[1,0,0,0,0,1,0,0,0,0,1,0,41.67184285436481,-84,-97.66708645667963,1],"mesh":111},{"matrix":[1,0,0,0,0,1,0,0,0,0,1,0,0,178.5,199.5,1],"mesh":112},{"matrix":[1,0,0,0,0,1,0,0,0,0,1,0,-520,1280,-980,1],"children":[109,110,111,112,113,114,115,116,117]},{"matrix":[0.7194189200584999,-0.45035572831729676,-0.5287874198897501,0,0.45035572831729676,-0.27714198665679834,0.8487473341364439,0,-0.5287874198897501,-0.8487473341364439,0.003439093284701711,0,-260,1120,-490,1],"mesh":113},{"mesh":114},{"matrix":[1,0,0,0,0,1,0,0,0,0,1,0,0,-149.5,0,1],"mesh":115},{"matrix":[1,0,0,0,0,1,0,0,0,0,1,0,104.04347189996555,-92,6.4178477897152755,1],"mesh":116},{"matrix":[1,0,0,0,0,1,0,0,0,0,1,0,59.30323382737892,-92,112.1027898682459,1],"mesh":117},{"matrix":[1,0,0,0,0,1,0,0,0,0,1,0,-83.73910542254318,-92,99.15179291759247,1],"mesh":118},{"matrix":[1,0,0,0,0,1,0,0,0,0,1,0,-123.04557337521474,-92,8.850976546457673,1],"mesh":119},{"matrix":[1,0,0,0,0,1,0,0,0,0,1,0,-56.51518042667743,-92,-95.59371205319165,1],"mesh":120},{"matrix":[1,0,0,0,0,1,0,0,0,0,1,0,25.460080953189138,-92,-74.82308007374516,1],"mesh":121},{"matrix":[1,0,0,0,0,1,0,0,0,0,1,0,0,195.5,218.5,1],"mesh":122},{"matrix":[1,0,0,0,0,1,0,0,0,0,1,0,1200,900,-240,1],"children":[120,121,122,123,124,125,126,127,128]},{"matrix":[-0.13541145887273598,0.964415558547443,0.22708229177454722,0,-0.964415558547443,-0.18082791722764546,0.1928831117094886,0,0.22708229177454722,-0.1928831117094886,0.9545835416450905,0,600,787.5,-120,1],"mesh":123},{"mesh":124},{"matrix":[1,0,0,0,0,1,0,0,0,0,1,0,0,-149.5,0,1],"mesh":125},{"matrix":[1,0,0,0,0,1,0,0,0,0,1,0,94.78418376777465,-92,-15.17892699176269,1],"mesh":126},{"matrix":[1,0,0,0,0,1,0,0,0,0,1,0,73.46134449612272,-92,102.1350463727272,1],"mesh":127},{"matrix":[1,0,0,0,0,1,0,0,0,0,1,0,-42.63474771313365,-92,87.25673963162416,1],"mesh":128},{"matrix":[1,0,0,0,0,1,0,0,0,0,1,0,-108.75638188702251,-92,21.394100034026664,1],"mesh":129},{"matrix":[1,0,0,0,0,1,0,0,0,0,1,0,-28.37542141540348,-92,-79.8775057374657,1],"mesh":130},{"matrix":[1,0,0,0,0,1,0,0,0,0,1,0,59.08786033467495,-92,-87.25211926662529,1],"mesh":131},{"matrix":[1,0,0,0,0,1,0,0,0,0,1,0,0,195.5,218.5,1],"mesh":132},{"matrix":[1,0,0,0,0,1,0,0,0,0,1,0,-1200,820,220,1],"children":[131,132,133,134,135,136,137,138,139]},{"matrix":[-0.12780295310686673,-0.9700077861961794,0.2067638747362589,0,0.9700077861961794,-0.1657096634751809,-0.1778347608026329,0,0.2067638747362589,0.1778347608026329,0.9620932896316858,0,-600,717.5,110,1],"mesh":133},{"mesh":134},{"matrix":[1,0,0,0,0,1,0,0,0,0,1,0,0,-156,0,1],"mesh":135},{"matrix":[1,0,0,0,0,1,0,0,0,0,1,0,82.86870466284718,-96,-14.535080505660074,1],"mesh":136},{"matrix":[1,0,0,0,0,1,0,0,0,0,1,0,52.073742864954546,-96,106.88338115202477,1],"mesh":137},{"matrix":[1,0,0,0,0,1,0,0,0,0,1,0,-50.8108223439316,-96,118.0274609043874,1],"mesh":138},{"matrix":[1,0,0,0,0,1,0,0,0,0,1,0,-135.084801729359,-96,8.451000091344932,1],"mesh":139},{"matrix":[1,0,0,0,0,1,0,0,0,0,1,0,-58.72332917719896,-96,-70.99771142463439,1],"mesh":140},{"matrix":[1,0,0,0,0,1,0,0,0,0,1,0,35.95627589550314,-96,-106.80328864788822,1],"mesh":141},{"matrix":[1,0,0,0,0,1,0,0,0,0,1,0,0,204,228,1],"mesh":142},{"matrix":[1,0,0,0,0,1,0,0,0,0,1,0,120,520,1300,1],"children":[142,143,144,145,146,147,148,149,150]},{"matrix":[0.9907141237358985,0.09146458362401629,-0.10059699286109995,0,-0.09146458362401629,-0.09908663225935088,-0.9908663225935097,0,-0.10059699286109995,0.9908663225935097,-0.08980075599524939,0,60,455,650,1],"mesh":143},{"matrix":[1,0,0,0,0,1,0,0,0,0,1,0,367.5,720,0,1],"mesh":144},{"matrix":[1,0,0,0,0,1,0,0,0,0,1,0,328.96883075120354,774.0738118995943,21.23863960012416,1],"mesh":145},{"matrix":[0.8660254037844387,0,0.49999999999999994,0,0,1,0,0,-0.49999999999999994,0,0.8660254037844387,0,318.26433589078124,720,183.74999999999997,1],"mesh":146},{"matrix":[0.5000000000000001,0,0.8660254037844386,0,0,1,0,0,-0.8660254037844386,0,0.5000000000000001,0,183.75000000000003,720,318.2643358907812,1],"mesh":147},{"matrix":[1,0,0,0,0,1,0,0,0,0,1,0,213.12932617977177,777.3510831893379,345.0435315020173,1],"mesh":148},{"matrix":[2.220446049250313e-16,0,1,0,0,1,0,0,-1,0,2.220446049250313e-16,0,2.2502884934332615e-14,720,367.5,1],"mesh":149},{"matrix":[-0.4999999999999998,0,0.8660254037844388,0,0,1,0,0,-0.8660254037844388,0,-0.4999999999999998,0,-183.74999999999991,720,318.26433589078124,1],"mesh":150},{"matrix":[1,0,0,0,0,1,0,0,0,0,1,0,-163.7939860329173,754.562140636982,310.45063232610516,1],"mesh":151},{"matrix":[-0.8660254037844388,0,0.49999999999999994,0,0,1,0,0,-0.49999999999999994,0,-0.8660254037844388,0,-318.26433589078124,720,183.74999999999997,1],"mesh":152},{"matrix":[-1,0,1.2246467991473532e-16,0,0,1,0,0,-1.2246467991473532e-16,0,-1,0,-367.5,720,4.500576986866523e-14,1],"mesh":153},{"matrix":[1,0,0,0,0,1,0,0,0,0,1,0,-372.8448919088487,751.8067892625121,-18.82873128047269,1],"mesh":154},{"matrix":[-0.8660254037844388,0,-0.5000000000000002,0,0,1,0,0,0.5000000000000002,0,-0.8660254037844388,0,-318.2643358907812,720,-183.75000000000003,1],"mesh":155},{"matrix":[-0.5000000000000002,0,-0.8660254037844384,0,0,1,0,0,0.8660254037844384,0,-0.5000000000000002,0,-183.75000000000017,720,-318.2643358907811,1],"mesh":156},{"matrix":[1,0,0,0,0,1,0,0,0,0,1,0,-237.87279938842943,762.2276062600239,-380.5009953694598,1],"mesh":157},{"matrix":[-2.220446049250313e-16,0,-1,0,0,1,0,0,1,0,-2.220446049250313e-16,0,-6.750865480299785e-14,720,-367.5,1],"mesh":158},{"matrix":[0.5000000000000001,0,-0.8660254037844386,0,0,1,0,0,0.8660254037844386,0,0.5000000000000001,0,183.75000000000003,720,-318.2643358907812,1],"mesh":159},{"matrix":[1,0,0,0,0,1,0,0,0,0,1,0,175.69203445781412,750.0664322667806,-250.87353504129575,1],"mesh":160},{"matrix":[0.8660254037844384,0,-0.5000000000000004,0,0,1,0,0,0.5000000000000004,0,0.8660254037844384,0,318.2643358907811,720,-183.75000000000017,1],"mesh":161},{"matrix":[1,0,0,0,0,1,0,0,0,0,1,0,708.6650929673546,893.3333333333333,0,1],"mesh":162},{"matrix":[1,0,0,0,0,1,0,0,0,0,1,0,645.075951553952,935.2669748024166,46.336215265923286,1],"mesh":163},{"matrix":[0.8660254037844387,0,0.49999999999999994,0,0,1,0,0,-0.49999999999999994,0,0.8660254037844387,0,613.72197328499,893.3333333333333,354.3325464836772,1],"mesh":164},{"matrix":[0.5000000000000001,0,0.8660254037844386,0,0,1,0,0,-0.8660254037844386,0,0.5000000000000001,0,354.33254648367733,893.3333333333333,613.72197328499,1],"mesh":165},{"matrix":[1,0,0,0,0,1,0,0,0,0,1,0,362.0529737284936,954.7447030621237,627.4753288059961,1],"mesh":166},{"matrix":[2.220446049250313e-16,0,1,0,0,1,0,0,-1,0,2.220446049250313e-16,0,4.339322188849661e-14,893.3333333333333,708.6650929673546,1],"mesh":167},{"matrix":[-0.4999999999999998,0,0.8660254037844388,0,0,1,0,0,-0.8660254037844388,0,-0.4999999999999998,0,-354.3325464836771,893.3333333333333,613.72197328499,1],"mesh":168},{"matrix":[1,0,0,0,0,1,0,0,0,0,1,0,-313.82952109765097,928.783766651423,602.4247187346165,1],"mesh":169},{"matrix":[-0.8660254037844388,0,0.49999999999999994,0,0,1,0,0,-0.49999999999999994,0,-0.8660254037844388,0,-613.72197328499,893.3333333333333,354.3325464836772,1],"mesh":170},{"matrix":[-1,0,1.2246467991473532e-16,0,0,1,0,0,-1.2246467991473532e-16,0,-1,0,-708.6650929673546,893.3333333333333,8.678644377699322e-14,1],"mesh":171},{"matrix":[1,0,0,0,0,1,0,0,0,0,1,0,-713.1645074529802,939.9006508512808,-43.492519489817155,1],"mesh":172},{"matrix":[-0.8660254037844388,0,-0.5000000000000002,0,0,1,0,0,0.5000000000000002,0,-0.8660254037844388,0,-613.72197328499,893.3333333333333,-354.33254648367733,1],"mesh":173},{"matrix":[-0.5000000000000002,0,-0.8660254037844384,0,0,1,0,0,0.8660254037844384,0,-0.5000000000000002,0,-354.3325464836776,893.3333333333333,-613.7219732849898,1],"mesh":174},{"matrix":[1,0,0,0,0,1,0,0,0,0,1,0,-409.21957479646403,922.8198388612304,-574.1868356698685,1],"mesh":175},{"matrix":[-2.220446049250313e-16,0,-1,0,0,1,0,0,1,0,-2.220446049250313e-16,0,-1.3017966566548984e-13,893.3333333333333,-708.6650929673546,1],"mesh":176},{"matrix":[0.5000000000000001,0,-0.8660254037844386,0,0,1,0,0,0.8660254037844386,0,0.5000000000000001,0,354.33254648367733,893.3333333333333,-613.72197328499,1],"mesh":177},{"matrix":[1,0,0,0,0,1,0,0,0,0,1,0,315.1241069848088,930.5346613838115,-679.4426532093473,1],"mesh":178},{"matrix":[0.8660254037844384,0,-0.5000000000000004,0,0,1,0,0,0.5000000000000004,0,0.8660254037844384,0,613.7219732849898,893.3333333333333,-354.3325464836776,1],"mesh":179},{"matrix":[1,0,0,0,0,1,0,0,0,0,1,0,1008.6806406623228,1066.6666666666665,0,1],"mesh":180},{"matrix":[1,0,0,0,0,1,0,0,0,0,1,0,1002.4584964498442,1124.573356258845,30.19317785868938,1],"mesh":181},{"matrix":[0.8660254037844387,0,0.49999999999999994,0,0,1,0,0,-0.49999999999999994,0,0.8660254037844387,0,873.5430591191345,1066.6666666666665,504.34032033116137,1],"mesh":182},{"matrix":[0.5000000000000001,0,0.8660254037844386,0,0,1,0,0,-0.8660254037844386,0,0.5000000000000001,0,504.34032033116154,1066.6666666666665,873.5430591191343,1],"mesh":183},{"matrix":[1,0,0,0,0,1,0,0,0,0,1,0,517.7075380858234,1127.368201272493,927.4097881891335,1],"mesh":184},{"matrix":[2.220446049250313e-16,0,1,0,0,1,0,0,-1,0,2.220446049250313e-16,0,6.176387589745076e-14,1066.6666666666665,1008.6806406623228,1],"mesh":185},{"matrix":[-0.4999999999999998,0,0.8660254037844388,0,0,1,0,0,-0.8660254037844388,0,-0.4999999999999998,0,-504.3403203311612,1066.6666666666665,873.5430591191345,1],"mesh":186},{"matrix":[1,0,0,0,0,1,0,0,0,0,1,0,-559.6685035047552,1118.4828232036446,939.1087893713045,1],"mesh":187},{"matrix":[-0.8660254037844388,0,0.49999999999999994,0,0,1,0,0,-0.49999999999999994,0,-0.8660254037844388,0,-873.5430591191345,1066.6666666666665,504.34032033116137,1],"mesh":188},{"matrix":[-1,0,1.2246467991473532e-16,0,0,1,0,0,-1.2246467991473532e-16,0,-1,0,-1008.6806406623228,1066.6666666666665,1.2352775179490152e-13,1],"mesh":189},{"matrix":[1,0,0,0,0,1,0,0,0,0,1,0,-1054.3420559767721,1126.4194055132411,-68.2602048216484,1],"mesh":190},{"matrix":[-0.8660254037844388,0,-0.5000000000000002,0,0,1,0,0,0.5000000000000002,0,-0.8660254037844388,0,-873.5430591191343,1066.6666666666665,-504.34032033116154,1],"mesh":191},{"matrix":[-0.5000000000000002,0,-0.8660254037844384,0,0,1,0,0,0.8660254037844384,0,-0.5000000000000002,0,-504.3403203311619,1066.6666666666665,-873.5430591191341,1],"mesh":192},{"matrix":[1,0,0,0,0,1,0,0,0,0,1,0,-542.5575486810666,1126.0868148445425,-924.9638832249534,1],"mesh":193},{"matrix":[-2.220446049250313e-16,0,-1,0,0,1,0,0,1,0,-2.220446049250313e-16,0,-1.8529162769235227e-13,1066.6666666666665,-1008.6806406623228,1],"mesh":194},{"matrix":[0.5000000000000001,0,-0.8660254037844386,0,0,1,0,0,0.8660254037844386,0,0.5000000000000001,0,504.34032033116154,1066.6666666666665,-873.5430591191343,1],"mesh":195},{"matrix":[1,0,0,0,0,1,0,0,0,0,1,0,556.4549156084707,1107.4838041595272,-880.9263713361202,1],"mesh":196},{"matrix":[0.8660254037844384,0,-0.5000000000000004,0,0,1,0,0,0.5000000000000004,0,0.8660254037844384,0,873.5430591191341,1066.6666666666665,-504.3403203311619,1],"mesh":197},{"matrix":[1,0,0,0,0,1,0,0,0,0,1,0,1231.3603402749777,1240,0,1],"mesh":198},{"matrix":[1,0,0,0,0,1,0,0,0,0,1,0,1286.0580306725105,1284.3361369430543,56.49329411260371,1],"mesh":199},{"matrix":[0.8660254037844387,0,0.49999999999999994,0,0,1,0,0,-0.49999999999999994,0,0.8660254037844387,0,1066.3893358907815,1240,615.6801701374887,1],"mesh":200},{"matrix":[0.5000000000000001,0,0.8660254037844386,0,0,1,0,0,-0.8660254037844386,0,0.5000000000000001,0,615.680170137489,1240,1066.3893358907812,1],"mesh":201},{"matrix":[1,0,0,0,0,1,0,0,0,0,1,0,622.5659033720098,1296.2723199526765,1036.6263708011275,1],"mesh":202},{"matrix":[2.220446049250313e-16,0,1,0,0,1,0,0,-1,0,2.220446049250313e-16,0,7.539907496573736e-14,1240,1231.3603402749777,1],"mesh":203},{"matrix":[-0.4999999999999998,0,0.8660254037844388,0,0,1,0,0,-0.8660254037844388,0,-0.4999999999999998,0,-615.6801701374886,1240,1066.3893358907815,1],"mesh":204},{"matrix":[1,0,0,0,0,1,0,0,0,0,1,0,-572.7342133753898,1300.3406888535412,1099.2284822983988,1],"mesh":205},{"matrix":[-0.8660254037844388,0,0.49999999999999994,0,0,1,0,0,-0.49999999999999994,0,-0.8660254037844388,0,-1066.3893358907815,1240,615.6801701374887,1],"mesh":206},{"matrix":[-1,0,1.2246467991473532e-16,0,0,1,0,0,-1.2246467991473532e-16,0,-1,0,-1231.3603402749777,1240,1.507981499314747e-13,1],"mesh":207},{"matrix":[1,0,0,0,0,1,0,0,0,0,1,0,-1264.8639448559463,1294.0331732739169,-18.261269037270765,1],"mesh":208},{"matrix":[-0.8660254037844388,0,-0.5000000000000002,0,0,1,0,0,0.5000000000000002,0,-0.8660254037844388,0,-1066.3893358907812,1240,-615.680170137489,1],"mesh":209},{"matrix":[-0.5000000000000002,0,-0.8660254037844384,0,0,1,0,0,0.8660254037844384,0,-0.5000000000000002,0,-615.6801701374894,1240,-1066.389335890781,1],"mesh":210},{"matrix":[1,0,0,0,0,1,0,0,0,0,1,0,-560.78241217107,1273.5640595902019,-1010.8738394618848,1],"mesh":211},{"matrix":[-2.220446049250313e-16,0,-1,0,0,1,0,0,1,0,-2.220446049250313e-16,0,-2.2619722489721205e-13,1240,-1231.3603402749777,1],"mesh":212},{"matrix":[0.5000000000000001,0,-0.8660254037844386,0,0,1,0,0,0.8660254037844386,0,0.5000000000000001,0,615.680170137489,1240,-1066.3893358907812,1],"mesh":213},{"matrix":[1,0,0,0,0,1,0,0,0,0,1,0,577.8240086621267,1298.2861030284748,-1113.668397134023,1],"mesh":214},{"matrix":[0.8660254037844384,0,-0.5000000000000004,0,0,1,0,0,0.5000000000000004,0,0.8660254037844384,0,1066.389335890781,1240,-615.6801701374894,1],"mesh":215},{"matrix":[1,0,0,0,0,2.220446049250313e-16,1,0,0,-1,2.220446049250313e-16,0,0,1262,0,1],"mesh":216},{"matrix":[1,0,0,0,0,1,0,0,0,0,1,0,1349.8457336296774,1413.3333333333333,0,1],"mesh":217},{"matrix":[1,0,0,0,0,1,0,0,0,0,1,0,1361.4826560901415,1453.020235609215,-59.027432070038486,1],"mesh":218},{"matrix":[0.8660254037844387,0,0.49999999999999994,0,0,1,0,0,-0.49999999999999994,0,0.8660254037844387,0,1169.0006965133432,1413.3333333333333,674.9228668148386,1],"mesh":219},{"matrix":[0.5000000000000001,0,0.8660254037844386,0,0,1,0,0,-0.8660254037844386,0,0.5000000000000001,0,674.9228668148388,1413.3333333333333,1169.0006965133432,1],"mesh":220},{"matrix":[1,0,0,0,0,1,0,0,0,0,1,0,711.431446132603,1447.4953825243056,1171.986820380032,1],"mesh":221},{"matrix":[2.220446049250313e-16,0,1,0,0,1,0,0,-1,0,2.220446049250313e-16,0,8.265421285161476e-14,1413.3333333333333,1349.8457336296774,1],"mesh":222},{"matrix":[-0.4999999999999998,0,0.8660254037844388,0,0,1,0,0,-0.8660254037844388,0,-0.4999999999999998,0,-674.9228668148384,1413.3333333333333,1169.0006965133432,1],"mesh":223},{"matrix":[1,0,0,0,0,1,0,0,0,0,1,0,-634.1587029912974,1441.0610083279807,1190.534512408465,1],"mesh":224},{"matrix":[-0.8660254037844388,0,0.49999999999999994,0,0,1,0,0,-0.49999999999999994,0,-0.8660254037844388,0,-1169.0006965133432,1413.3333333333333,674.9228668148386,1],"mesh":225},{"matrix":[-1,0,1.2246467991473532e-16,0,0,1,0,0,-1.2246467991473532e-16,0,-1,0,-1349.8457336296774,1413.3333333333333,1.6530842570322952e-13,1],"mesh":226},{"matrix":[1,0,0,0,0,1,0,0,0,0,1,0,-1306.769007133863,1472.9022036433873,11.15370046818506,1],"mesh":227},{"matrix":[-0.8660254037844388,0,-0.5000000000000002,0,0,1,0,0,0.5000000000000002,0,-0.8660254037844388,0,-1169.0006965133432,1413.3333333333333,-674.9228668148388,1],"mesh":228},{"matrix":[-0.5000000000000002,0,-0.8660254037844384,0,0,1,0,0,0.8660254037844384,0,-0.5000000000000002,0,-674.9228668148393,1413.3333333333333,-1169.0006965133427,1],"mesh":229},{"matrix":[1,0,0,0,0,1,0,0,0,0,1,0,-720.8469991419967,1467.4426446562231,-1225.3230214806983,1],"mesh":230},{"matrix":[-2.220446049250313e-16,0,-1,0,0,1,0,0,1,0,-2.220446049250313e-16,0,-2.4796263855484425e-13,1413.3333333333333,-1349.8457336296774,1],"mesh":231},{"matrix":[0.5000000000000001,0,-0.8660254037844386,0,0,1,0,0,0.8660254037844386,0,0.5000000000000001,0,674.9228668148388,1413.3333333333333,-1169.0006965133432,1],"mesh":232},{"matrix":[1,0,0,0,0,1,0,0,0,0,1,0,721.2873900145419,1446.2958910072293,-1176.5669613165683,1],"mesh":233},{"matrix":[0.8660254037844384,0,-0.5000000000000004,0,0,1,0,0,0.5000000000000004,0,0.8660254037844384,0,1169.0006965133427,1413.3333333333333,-674.9228668148393,1],"mesh":234},{"matrix":[1,0,0,0,0,1,0,0,0,0,1,0,1349.8457336296774,1586.6666666666667,0,1],"mesh":235},{"matrix":[1,0,0,0,0,1,0,0,0,0,1,0,1367.2669791491248,1626.5473578828162,-41.92104848827523,1],"mesh":236},{"matrix":[0.8660254037844387,0,0.49999999999999994,0,0,1,0,0,-0.49999999999999994,0,0.8660254037844387,0,1169.0006965133432,1586.6666666666667,674.9228668148386,1],"mesh":237},{"matrix":[0.5000000000000001,0,0.8660254037844386,0,0,1,0,0,-0.8660254037844386,0,0.5000000000000001,0,674.9228668148388,1586.6666666666667,1169.0006965133432,1],"mesh":238},{"matrix":[1,0,0,0,0,1,0,0,0,0,1,0,674.4762741120245,1630.5754306594488,1213.4673050183173,1],"mesh":239},{"matrix":[2.220446049250313e-16,0,1,0,0,1,0,0,-1,0,2.220446049250313e-16,0,8.265421285161476e-14,1586.6666666666667,1349.8457336296774,1],"mesh":240},{"matrix":[-0.4999999999999998,0,0.8660254037844388,0,0,1,0,0,-0.8660254037844388,0,-0.4999999999999998,0,-674.9228668148384,1586.6666666666667,1169.0006965133432,1],"mesh":241},{"matrix":[1,0,0,0,0,1,0,0,0,0,1,0,-667.8765376296154,1633.8850812057228,1174.4511460972342,1],"mesh":242},{"matrix":[-0.8660254037844388,0,0.49999999999999994,0,0,1,0,0,-0.49999999999999994,0,-0.8660254037844388,0,-1169.0006965133432,1586.6666666666667,674.9228668148386,1],"mesh":243},{"matrix":[-1,0,1.2246467991473532e-16,0,0,1,0,0,-1.2246467991473532e-16,0,-1,0,-1349.8457336296774,1586.6666666666667,1.6530842570322952e-13,1],"mesh":244},{"matrix":[1,0,0,0,0,1,0,0,0,0,1,0,-1323.5266613321537,1628.3446518673218,4.348735388033456,1],"mesh":245},{"matrix":[-0.8660254037844388,0,-0.5000000000000002,0,0,1,0,0,0.5000000000000002,0,-0.8660254037844388,0,-1169.0006965133432,1586.6666666666667,-674.9228668148388,1],"mesh":246},{"matrix":[-0.5000000000000002,0,-0.8660254037844384,0,0,1,0,0,0.8660254037844384,0,-0.5000000000000002,0,-674.9228668148393,1586.6666666666667,-1169.0006965133427,1],"mesh":247},{"matrix":[1,0,0,0,0,1,0,0,0,0,1,0,-685.7883891183421,1644.7078465627517,-1100.8869820023924,1],"mesh":248},{"matrix":[-2.220446049250313e-16,0,-1,0,0,1,0,0,1,0,-2.220446049250313e-16,0,-2.4796263855484425e-13,1586.6666666666667,-1349.8457336296774,1],"mesh":249},{"matrix":[0.5000000000000001,0,-0.8660254037844386,0,0,1,0,0,0.8660254037844386,0,0.5000000000000001,0,674.9228668148388,1586.6666666666667,-1169.0006965133432,1],"mesh":250},{"matrix":[1,0,0,0,0,1,0,0,0,0,1,0,622.4842057293416,1614.5496522948113,-1176.7993815106609,1],"mesh":251},{"matrix":[0.8660254037844384,0,-0.5000000000000004,0,0,1,0,0,0.5000000000000004,0,0.8660254037844384,0,1169.0006965133427,1586.6666666666667,-674.9228668148393,1],"mesh":252},{"matrix":[1,0,0,0,0,1,0,0,0,0,1,0,1231.3603402749777,1760,0,1],"mesh":253},{"matrix":[1,0,0,0,0,1,0,0,0,0,1,0,1186.6300670461867,1805.7577209037765,26.489312512550697,1],"mesh":254},{"matrix":[0.8660254037844387,0,0.49999999999999994,0,0,1,0,0,-0.49999999999999994,0,0.8660254037844387,0,1066.3893358907815,1760,615.6801701374887,1],"mesh":255},{"matrix":[0.5000000000000001,0,0.8660254037844386,0,0,1,0,0,-0.8660254037844386,0,0.5000000000000001,0,615.680170137489,1760,1066.3893358907812,1],"mesh":256},{"matrix":[1,0,0,0,0,1,0,0,0,0,1,0,603.1385065169948,1797.3009787597578,1104.57265220515,1],"mesh":257},{"matrix":[2.220446049250313e-16,0,1,0,0,1,0,0,-1,0,2.220446049250313e-16,0,7.539907496573736e-14,1760,1231.3603402749777,1],"mesh":258},{"matrix":[-0.4999999999999998,0,0.8660254037844388,0,0,1,0,0,-0.8660254037844388,0,-0.4999999999999998,0,-615.6801701374886,1760,1066.3893358907815,1],"mesh":259},{"matrix":[1,0,0,0,0,1,0,0,0,0,1,0,-579.3210628655481,1811.3491122890716,1058.3990587056442,1],"mesh":260},{"matrix":[-0.8660254037844388,0,0.49999999999999994,0,0,1,0,0,-0.49999999999999994,0,-0.8660254037844388,0,-1066.3893358907815,1760,615.6801701374887,1],"mesh":261},{"matrix":[-1,0,1.2246467991473532e-16,0,0,1,0,0,-1.2246467991473532e-16,0,-1,0,-1231.3603402749777,1760,1.507981499314747e-13,1],"mesh":262},{"matrix":[1,0,0,0,0,1,0,0,0,0,1,0,-1294.5144680524006,1817.940890370836,65.60473997613921,1],"mesh":263},{"matrix":[-0.8660254037844388,0,-0.5000000000000002,0,0,1,0,0,0.5000000000000002,0,-0.8660254037844388,0,-1066.3893358907812,1760,-615.680170137489,1],"mesh":264},{"matrix":[-0.5000000000000002,0,-0.8660254037844384,0,0,1,0,0,0.8660254037844384,0,-0.5000000000000002,0,-615.6801701374894,1760,-1066.389335890781,1],"mesh":265},{"matrix":[1,0,0,0,0,1,0,0,0,0,1,0,-579.461458457064,1787.291688490175,-1021.6038066859672,1],"mesh":266},{"matrix":[-2.220446049250313e-16,0,-1,0,0,1,0,0,1,0,-2.220446049250313e-16,0,-2.2619722489721205e-13,1760,-1231.3603402749777,1],"mesh":267},{"matrix":[0.5000000000000001,0,-0.8660254037844386,0,0,1,0,0,0.8660254037844386,0,0.5000000000000001,0,615.680170137489,1760,-1066.3893358907812,1],"mesh":268},{"matrix":[1,0,0,0,0,1,0,0,0,0,1,0,646.1007998047908,1806.4939237887484,-1084.1072398865015,1],"mesh":269},{"matrix":[0.8660254037844384,0,-0.5000000000000004,0,0,1,0,0,0.5000000000000004,0,0.8660254037844384,0,1066.389335890781,1760,-615.6801701374894,1],"mesh":270},{"matrix":[1,0,0,0,0,2.220446049250313e-16,1,0,0,-1,2.220446049250313e-16,0,0,1782,0,1],"mesh":271},{"matrix":[1,0,0,0,0,1,0,0,0,0,1,0,1008.6806406623231,1933.3333333333333,0,1],"mesh":272},{"matrix":[1,0,0,0,0,1,0,0,0,0,1,0,1000.3143891782,1988.0252447492553,8.34549520156493,1],"mesh":273},{"matrix":[0.8660254037844387,0,0.49999999999999994,0,0,1,0,0,-0.49999999999999994,0,0.8660254037844387,0,873.5430591191347,1933.3333333333333,504.3403203311615,1],"mesh":274},{"matrix":[0.5000000000000001,0,0.8660254037844386,0,0,1,0,0,-0.8660254037844386,0,0.5000000000000001,0,504.34032033116165,1933.3333333333333,873.5430591191346,1],"mesh":275},{"matrix":[1,0,0,0,0,1,0,0,0,0,1,0,535.1899021583628,1989.1212673831933,884.9251929091766,1],"mesh":276},{"matrix":[2.220446049250313e-16,0,1,0,0,1,0,0,-1,0,2.220446049250313e-16,0,6.176387589745077e-14,1933.3333333333333,1008.6806406623231,1],"mesh":277},{"matrix":[-0.4999999999999998,0,0.8660254037844388,0,0,1,0,0,-0.8660254037844388,0,-0.4999999999999998,0,-504.3403203311613,1933.3333333333333,873.5430591191347,1],"mesh":278},{"matrix":[1,0,0,0,0,1,0,0,0,0,1,0,-499.09693227290074,1978.1495523807957,850.6101626590556,1],"mesh":279},{"matrix":[-0.8660254037844388,0,0.49999999999999994,0,0,1,0,0,-0.49999999999999994,0,-0.8660254037844388,0,-873.5430591191347,1933.3333333333333,504.3403203311615,1],"mesh":280},{"matrix":[-1,0,1.2246467991473532e-16,0,0,1,0,0,-1.2246467991473532e-16,0,-1,0,-1008.6806406623231,1933.3333333333333,1.2352775179490155e-13,1],"mesh":281},{"matrix":[1,0,0,0,0,1,0,0,0,0,1,0,-960.1